time (s)	theta (A)	maj axis/z0	min axis/z0	crossing#mod 255
5947.091142	93.284332	0.785003	-0.158577	129
5949.106202	93.288170	0.785130	-0.157401	131
5951.121108	93.323273	0.786027	-0.156386	133
5953.135548	93.202316	0.786151	-0.155504	135
5955.150918	93.033920	0.786745	-0.154685	137
5957.165646	92.855064	0.787272	-0.153840	139
5959.180056	92.646255	0.787280	-0.152692	141
5961.194296	92.429817	0.787193	-0.151521	143
5963.208823	92.157944	0.787163	-0.150659	145
5965.222960	91.845085	0.787378	-0.149586	147
5967.237131	91.475594	0.787262	-0.149144	149
5969.251420	91.225128	0.785859	-0.147782	151
5971.265933	90.923363	0.785253	-0.146220	153
5973.280073	90.688828	0.784825	-0.144951	155
5975.294514	90.553810	0.784942	-0.144041	157
5977.309223	90.446198	0.785525	-0.143067	159
5979.324004	90.382462	0.786726	-0.142267	161
5981.338661	90.322762	0.787181	-0.141604	163
5983.353782	90.282455	0.788210	-0.140567	165
5985.368638	90.214561	0.789837	-0.140037	167
5987.383816	90.189095	0.790347	-0.138973	169
5989.398947	90.093498	0.789284	-0.137663	171
5991.414389	89.978424	0.789061	-0.136074	173
5993.429872	89.848976	0.789002	-0.134860	175
5995.445153	89.716759	0.788545	-0.134068	177
5997.460974	89.625473	0.789152	-0.132959	179
5999.477065	89.497452	0.786887	-0.131397	181
6001.492705	89.387802	0.786061	-0.130293	183
6003.508878	89.265068	0.786170	-0.129190	185
6005.524850	89.185600	0.786146	-0.128046	187
6007.540608	89.154160	0.787000	-0.127154	189
6009.556296	89.098495	0.787229	-0.125890	191
6011.571717	89.135384	0.788079	-0.124875	193
6013.587128	89.217445	0.789623	-0.123822	195
6015.602240	89.258568	0.790276	-0.122954	197
6017.617131	89.279686	0.789669	-0.121571	199
6019.631770	89.288918	0.790119	-0.120603	201
6021.646969	89.232384	0.790415	-0.119582	203
6023.661527	89.161469	0.790440	-0.118176	205
6025.676584	89.033264	0.789887	-0.117136	207
6027.691109	88.922447	0.790913	-0.115830	209
6029.705717	88.730415	0.791880	-0.115012	211
6031.720046	88.592239	0.791494	-0.113758	213
6033.734775	88.402206	0.792591	-0.112819	215
6035.748911	88.205521	0.793214	-0.112125	217
6037.763567	87.949448	0.793149	-0.110279	219
6039.777882	87.844299	0.792163	-0.109833	221
6041.792339	87.664368	0.793075	-0.108966	223
6043.806937	87.535019	0.791642	-0.107986	225
6045.821433	87.451065	0.791032	-0.106778	227
6047.835995	87.354378	0.791582	-0.105809	229
6049.851002	87.301537	0.790760	-0.104631	231
6051.865803	87.235031	0.790100	-0.103677	233
6053.881032	87.156967	0.791083	-0.102352	235
6055.895881	87.135513	0.792508	-0.101821	237
6057.911378	87.090630	0.794450	-0.101146	239
6059.926270	87.025803	0.793327	-0.099898	241
6061.941747	86.972870	0.792190	-0.098693	243
6063.957086	86.850174	0.792297	-0.097752	245
6065.972746	86.789017	0.794286	-0.096432	247
6067.987888	86.675278	0.794995	-0.095661	249
6070.003613	86.587631	0.794774	-0.094650	251
6072.019356	86.583984	0.796397	-0.093611	253
6074.035094	86.574295	0.794873	-0.092808	255
6076.050804	86.459770	0.794116	-0.091478	1
6078.066761	86.436951	0.793882	-0.090032	3
6080.082122	86.450874	0.792655	-0.088857	5
6082.097757	86.432167	0.792140	-0.087445	7
6084.112919	86.443787	0.792640	-0.086604	9
6086.128064	86.375069	0.793279	-0.085667	11
6088.143017	86.398041	0.794760	-0.084973	13
6090.158447	86.405098	0.794678	-0.083322	15
6092.172567	86.394302	0.795615	-0.082515	17
6094.187757	86.278641	0.796268	-0.081493	19
6096.202206	86.277672	0.795969	-0.080602	21
6098.216904	86.137062	0.795845	-0.079458	23
6100.231547	86.051033	0.796026	-0.078273	25
6102.245946	85.938698	0.797108	-0.077837	27
6104.260378	85.761215	0.795186	-0.077174	29
6106.274996	85.664780	0.793920	-0.075856	31
6108.289318	85.595825	0.793262	-0.074593	33
6110.303770	85.513680	0.792638	-0.074032	35
6112.318448	85.391167	0.791941	-0.072893	37
6114.333119	85.322227	0.790919	-0.071940	39
6116.347573	85.261887	0.791453	-0.071294	41
6118.362620	85.214691	0.791726	-0.070335	43
6120.377305	85.149727	0.791844	-0.069501	45
6122.392389	85.165497	0.793022	-0.068430	47
6124.407311	85.108086	0.793834	-0.067577	49
6126.422392	85.100029	0.795254	-0.066938	51
6128.437130	84.966148	0.795080	-0.066133	53
6130.452730	84.912201	0.794845	-0.065287	55
6132.468128	84.874611	0.795598	-0.064177	57
6134.483179	84.818275	0.793343	-0.063236	59
6136.498596	84.796616	0.792013	-0.062302	61
6138.514320	84.746208	0.790892	-0.061021	63
6140.529673	84.727333	0.791805	-0.059758	65
6142.545579	84.725739	0.793414	-0.058996	67
6144.561006	84.689163	0.793857	-0.057900	69
6146.576544	84.696274	0.793457	-0.057124	71
6148.591499	84.661659	0.794387	-0.056367	73
6150.607009	84.688339	0.794261	-0.055422	75
6152.622214	84.727386	0.795213	-0.054297	77
6154.637617	84.678947	0.794591	-0.053291	79
6156.652352	84.699554	0.795271	-0.052592	81
6158.667519	84.683327	0.795743	-0.051816	83
6160.682279	84.669434	0.796081	-0.050389	85
6162.696657	84.638168	0.796553	-0.049955	87
6164.711303	84.615204	0.797064	-0.048915	89
6166.726237	84.625282	0.796891	-0.048060	91
6168.740985	84.588318	0.797800	-0.047163	93
6170.755514	84.481514	0.795635	-0.046277	95
6172.770067	84.387611	0.795610	-0.044487	97
6174.784346	84.357719	0.794571	-0.044330	99
6176.799185	84.349403	0.794945	-0.043616	101
6178.813523	84.276161	0.794700	-0.042502	103
6180.828107	84.240959	0.794506	-0.041627	105
6182.843950	84.203476	0.795494	-0.040161	107
6184.857707	84.161438	0.793792	-0.039827	109
6186.872287	84.142502	0.793896	-0.038817	111
6188.887354	84.094322	0.794173	-0.037934	113
6190.901901	84.060539	0.794622	-0.037315	115
6192.917029	84.090820	0.795090	-0.036378	117
6194.932156	84.026703	0.796444	-0.034945	119
6196.947171	84.011009	0.795960	-0.034009	121
6198.962241	84.034172	0.795309	-0.033084	123
6200.977518	83.974968	0.795501	-0.031959	125
6202.992691	83.928764	0.795614	-0.031185	127
6205.008102	83.930916	0.796309	-0.030428	129
6207.023292	83.914909	0.796476	-0.029212	131
6209.038786	83.891930	0.796075	-0.028152	133
6211.054237	83.971405	0.796281	-0.027156	135
6213.069576	83.935806	0.796393	-0.026239	137
6215.084547	83.956833	0.796681	-0.025209	139
6217.100421	83.980049	0.797296	-0.024534	141
6219.115605	84.050636	0.796907	-0.022985	143
6221.131037	84.042824	0.797435	-0.022350	145
6223.146108	84.031601	0.797810	-0.021450	147
6225.161145	84.016777	0.797785	-0.020560	149
6227.175980	84.037964	0.798074	-0.019686	151
6229.190772	84.042534	0.798600	-0.018567	153
6231.205764	84.048164	0.798911	-0.017944	155
6233.220529	84.004791	0.799471	-0.017235	157
6235.235379	84.039833	0.799571	-0.016607	159
6237.250485	84.013245	0.799557	-0.015782	161
6239.265046	84.029022	0.797817	-0.014652	163
6241.279838	83.978813	0.797951	-0.013518	165
6243.294873	83.999672	0.799016	-0.012976	167
