crossing time (s)	slope (V/s)	crossing number
4570.254800	13.147126	4170
4571.264093	12.600705	4171
4572.268880	13.014727	4172
4573.278442	12.342966	4173
4574.283013	12.731310	4174
4575.295268	12.391640	4175
4576.301349	12.336369	4176
4577.311624	12.595396	4177
4578.313605	13.079524	4178
4579.324755	12.485547	4179
4580.326180	13.414392	4180
4581.340231	12.259165	4181
4582.342260	13.053875	4182
4583.357484	12.339935	4183
4584.359240	13.183947	4184
4585.372702	12.493986	4185
4586.372020	13.398596	4186
4587.388849	12.711636	4187
4588.386089	13.327075	4188
4589.401812	12.272530	4189
4590.399739	13.306143	4190
4591.417868	12.386431	4191
4592.414457	13.340977	4192
4593.432853	12.704677	4193
4594.430559	13.605218	4194
4595.447424	12.742124	4195
4596.446010	13.582454	4196
4597.462592	12.426131	4197
4598.459809	13.519435	4198
4599.476896	12.771053	4199
4600.476740	13.388476	4200
4601.494430	12.761827	4201
4602.492227	13.661341	4202
4603.508379	13.078223	4203
4604.506681	13.736353	4204
4605.523851	13.131759	4205
4606.523128	13.736255	4206
4607.539104	13.010081	4207
4608.538740	13.465773	4208
4609.554729	12.938416	4209
4610.554716	13.418192	4210
4611.569215	12.972880	4211
4612.569323	13.327535	4212
4613.583135	12.876752	4213
4614.585572	13.203448	4214
4615.597938	12.786297	4215
4616.600031	12.784461	4216
4617.612581	12.162698	4217
4618.615364	12.598726	4218
4619.628408	11.979179	4219
4620.629683	12.244527	4220
4621.642727	11.748744	4221
4622.645027	12.133760	4222
4623.656846	11.689508	4223
4624.659995	11.992910	4224
4625.671437	11.345558	4225
4626.674541	11.849923	4226
4627.684785	11.419113	4227
4628.689438	11.702031	4228
4629.698672	11.350039	4229
4630.703267	11.697196	4230
4631.713049	11.254735	4231
4632.715071	11.671341	4232
4633.727519	11.107407	4233
4634.731260	11.874406	4234
4635.741414	11.178291	4235
4636.745674	11.733360	4236
4637.757329	11.105315	4237
4638.760507	11.967809	4238
4639.772165	11.295246	4239
4640.774824	11.851434	4240
4641.787094	11.224195	4241
4642.790565	11.867151	4242
4643.801784	11.322135	4243
4644.805661	12.030749	4244
4645.816190	11.372504	4245
4646.818863	12.039768	4246
4647.831668	11.465973	4247
4648.833350	12.267948	4248
4649.846350	11.580856	4249
4650.847631	12.283419	4250
4651.862504	11.433988	4251
4652.862724	12.285932	4252
4653.878267	11.583654	4253
4654.877668	12.335704	4254
4655.894381	11.738615	4255
4656.893033	12.350641	4256
4657.910195	11.743725	4257
4658.908838	12.621317	4258
4659.925754	11.808929	4259
4660.922772	12.481488	4260
4661.940454	11.810515	4261
4662.936082	12.688960	4262
4663.954894	11.917331	4263
4664.951266	12.733018	4264
4665.969652	12.170106	4265
4666.965305	12.838193	4266
4667.984193	12.175098	4267
4668.980623	12.826464	4268
4669.998437	12.134701	4269
4670.996792	12.933500	4270
4672.013307	12.297951	4271
4673.011265	12.812128	4272
4674.028789	12.475624	4273
4675.027892	12.981501	4274
4676.044450	12.466523	4275
4677.044284	12.935338	4276
4678.060114	12.317165	4277
4679.059386	12.811539	4278
4680.076252	12.350107	4279
4681.076201	12.605461	4280
4682.091095	12.275137	4281
4683.091049	12.636108	4282
4684.105856	12.246486	4283
4685.107615	11.528945	4284
4686.120811	12.043606	4285
4687.121908	12.144521	4286
4688.133954	11.873979	4287
4689.136791	11.843369	4288
4690.148717	11.368797	4289
4691.150670	11.671132	4290
4692.163939	11.170378	4291
4693.165785	11.310318	4292
4694.177933	10.987928	4293
4695.180403	11.271293	4294
4696.193391	10.832513	4295
4697.194681	11.190617	4296
4698.207402	10.766169	4297
4699.209040	11.106493	4298
4700.220715	10.760707	4299
4701.224887	11.140373	4300
4702.235933	10.546359	4301
4703.238790	11.224680	4302
4704.248577	10.745568	4303
4705.253293	11.282001	4304
4706.262889	10.684952	4305
4707.267424	11.196067	4306
4708.278019	10.804642	4307
4709.281585	11.274319	4308
4710.292477	10.650132	4309
4711.296039	11.500499	4310
4712.309064	10.786356	4311
4713.310949	11.441275	4312
4714.324086	10.868704	4313
4715.325960	11.613681	4314
4716.339416	11.015341	4315
4717.341503	11.695023	4316
4718.354534	11.116490	4317
4719.356741	11.823943	4318
4720.370039	11.372024	4319
4721.369905	11.759079	4320
4722.385209	11.241895	4321
4723.383816	12.060495	4322
4724.401166	11.386776	4323
4725.397630	11.910664	4324
4726.415064	11.452641	4325
4727.413317	12.149514	4326
4728.430946	11.566649	4327
4729.428841	12.075263	4328
4730.445452	11.498285	4329
4731.443557	12.207037	4330
4732.460897	11.716866	4331
4733.457272	12.256538	4332
4734.476211	11.846141	4333
4735.473065	12.619400	4334
4736.491742	11.895111	4335
4737.487297	12.569184	4336
4738.505718	12.106463	4337
4739.502635	12.657613	4338
4740.519193	12.190871	4339
4741.517142	12.601583	4340
4742.534381	12.207465	4341
4743.533176	12.610545	4342
4744.550286	12.309964	4343
4745.548867	12.526907	4344
4746.566002	12.240119	4345
4747.565868	12.500911	4346
4748.582437	12.280873	4347
4749.581285	12.332857	4348
4750.596846	12.175794	4349
4751.597988	12.283108	4350
4752.612747	12.004641	4351
4753.612476	11.967455	4352
4754.626420	11.726301	4353
4755.626676	11.936862	4354
4756.640909	11.503732	4355
4757.641095	11.529920	4356
4758.655110	11.192450	4357
4759.656700	11.393980	4358
4760.671952	11.041137	4359
4761.671242	11.034381	4360
4762.685813	10.964984	4361
4763.687216	11.025772	4362
4764.699632	10.684965	4363
4765.701030	10.967125	4364
4766.711731	10.708486	4365
4767.715273	10.943503	4366
4768.726254	10.623542	4367
4769.728751	10.878418	4368
4770.739622	10.497050	4369
4771.743792	11.013866	4370
4772.754872	10.512839	4371
4773.757259	10.903061	4372
4774.768616	10.636843	4373
4775.771862	11.092308	4374
4776.786020	10.598293	4375
4777.786504	11.055329	4376
4778.800061	10.792050	4377
4779.802069	11.146086	4378
4780.814941	10.851491	4379
4781.817302	11.241367	4380
4782.829677	10.912640	4381
4783.831908	11.479784	4382
4784.845223	11.155142	4383
4785.845787	11.531073	4384
4786.859510	11.188259	4385
4787.860090	11.742083	4386
4788.874862	11.219212	4387
4789.873455	11.694000	4388
4790.890463	11.398743	4389
4791.888953	11.751321	4390
4792.905408	11.369891	4391
4793.903148	11.880770	4392
4794.920452	11.564754	4393
4795.918760	11.997434	4394
4796.935759	11.414159	4395
4797.933290	12.146928	4396
4798.951618	11.658237	4397
4799.947814	12.210032	4398
4800.965722	11.701333	4399
4801.962748	12.302799	4400
4802.981592	12.036534	4401
4803.978226	12.466723	4402
4804.996674	11.849425	4403
4805.991586	12.463152	4404
4807.010906	12.159272	4405
4808.006956	12.536755	4406
4809.025836	12.101732	4407
4810.022054	12.693133	4408
4811.039458	12.253878	4409
4812.037727	12.619904	4410
4813.055398	12.396688	4411
4814.054331	12.542708	4412
4815.070601	12.496623	4413
4816.069744	12.449347	4414
4817.085155	12.352558	4415
4818.085653	12.338661	4416
4819.101366	12.323985	4417
4820.101879	12.179094	4418
4821.117365	12.216406	4419
4822.116930	12.068877	4420
4823.133185	12.081202	4421
4824.131388	11.735725	4422
4825.147391	11.695125	4423
4826.146249	11.653507	4424
4827.161490	11.536164	4425
4828.160527	11.285080	4426
4829.174648	11.207235	4427
4830.175041	11.310241	4428
4831.189491	11.060626	4429
4832.188301	11.035490	4430
4833.203258	10.937274	4431
4834.203856	10.924769	4432
4835.218663	10.815174	4433
4836.218610	10.838103	4434
4837.232011	10.777082	4435
4838.233283	11.018331	4436
4839.245364	10.709132	4437
4840.248476	10.987351	4438
4841.260218	10.845871	4439
4842.262954	11.085538	4440
4843.274732	10.880302	4441
4844.276708	11.263862	4442
4845.288528	10.887018	4443
4846.291507	11.316467	4444
4847.303645	10.882945	4445
4848.305095	11.360697	4446
4849.318521	10.856381	4447
4850.319072	11.393065	4448
4851.334241	10.971064	4449
4852.334973	11.388504	4450
4853.349865	11.187026	4451
