crossing time (s)	slope (V/s)	crossing number
1445.946789	3.832400	1254
1446.946289	3.242521	1255
1447.961850	3.649967	1256
1448.959280	3.267049	1257
1449.973012	3.665489	1258
1450.975198	3.731264	1259
1451.983481	4.256157	1260
1452.994271	4.208739	1261
1453.992844	4.309851	1262
1455.011663	3.943797	1263
1456.004203	4.128959	1264
1457.027349	3.406672	1265
1458.018570	4.057917	1266
1459.037245	3.461260	1267
1460.036611	4.316754	1268
1461.045440	3.521224	1269
1462.054693	4.261153	1270
1463.056359	3.636217	1271
1464.071631	4.161518	1272
1465.070456	3.731785	1273
1466.085105	4.066689	1274
1467.084999	4.046842	1275
1468.097318	4.111181	1276
1469.099777	4.052153	1277
1470.109290	4.358218	1278
1471.114765	4.304663	1279
1472.121026	4.373712	1280
1473.128933	4.283400	1281
1474.134281	4.360032	1282
1475.143942	4.232591	1283
1476.148045	4.250384	1284
1477.159028	4.338642	1285
1478.163329	4.491646	1286
1479.173152	4.531508	1287
1480.179080	4.659244	1288
1481.185085	4.609455	1289
1482.195029	4.958243	1290
1483.197909	4.635815	1291
1484.210706	4.981829	1292
1485.211550	4.754404	1293
1486.224450	5.097992	1294
1487.223229	4.474163	1295
1488.235414	4.888699	1296
1489.236754	4.338278	1297
1490.246643	5.001337	1298
1491.252577	4.633120	1299
1492.257363	5.185530	1300
1493.270019	5.188169	1301
1494.267833	5.471402	1302
1495.285122	5.204767	1303
1496.279251	5.420467	1304
1497.299509	4.900461	1305
1498.293476	5.088434	1306
1499.310580	4.816683	1307
1500.308201	4.962392	1308
1501.320314	4.874543	1309
1502.323529	4.971082	1310
1503.331186	5.055615	1311
1504.339413	5.214826	1312
1505.343102	5.240573	1313
1506.355373	5.301369	1314
1507.355455	5.243578	1315
1508.370177	5.183679	1316
1509.369780	5.004410	1317
1510.384329	5.068719	1318
1511.384539	4.858149	1319
1512.397999	5.026984	1320
1513.398936	4.800668	1321
1514.411712	5.021184	1322
1515.412404	4.687819	1323
1516.425290	4.878723	1324
1517.426107	4.390583	1325
1518.439401	4.768099	1326
1519.439037	4.402087	1327
1520.454441	4.742056	1328
1521.453362	4.238484	1329
1522.468003	4.554416	1330
1523.466239	4.214648	1331
1524.480625	4.430584	1332
1525.479763	4.194280	1333
1526.492113	4.341204	1334
1527.494774	4.347242	1335
1528.503395	4.723584	1336
1529.511305	4.566997	1337
1530.513657	4.907956	1338
1531.527886	4.659246	1339
1532.525020	4.817033	1340
1533.544045	4.513475	1341
1534.537566	4.783827	1342
1535.558530	4.464065	1343
1536.550507	4.559257	1344
1537.571754	4.236532	1345
1538.564943	4.802049	1346
1539.582887	4.426713	1347
1540.581627	4.962742	1348
1541.592967	4.731426	1349
1542.598538	5.124221	1350
1543.605187	4.848897	1351
1544.614787	4.923428	1352
1545.617372	4.515933	1353
1546.629241	4.882328	1354
1547.628929	4.261997	1355
1548.643720	4.551683	1356
1549.641130	4.472360	1357
1550.656647	4.650626	1358
1551.654463	4.391380	1359
1552.670158	4.548458	1360
1553.668337	4.635536	1361
1554.683838	4.659603	1362
1555.680906	4.411604	1363
1556.696381	4.644457	1364
1557.694539	4.649318	1365
1558.710205	4.675960	1366
1559.708678	4.647823	1367
1560.724029	4.786875	1368
1561.723245	4.799877	1369
1562.737621	4.840954	1370
1563.738628	4.417251	1371
1564.750747	4.766377	1372
1565.756187	4.523191	1373
1566.763185	4.808193	1374
1567.773172	4.532535	1375
1568.775146	5.058105	1376
1569.790702	4.928880	1377
1570.787064	5.001801	1378
1571.806226	5.017278	1379
1572.798600	5.199088	1380
1573.820654	5.178308	1381
1574.810925	4.979678	1382
1575.832782	5.032293	1383
1576.826215	5.319023	1384
1577.845375	5.260019	1385
1578.841757	5.072064	1386
1579.856438	5.190691	1387
1580.858891	5.421030	1388
1581.868590	5.441900	1389
1582.875063	5.525954	1390
1583.880664	5.560365	1391
1584.890091	5.793066	1392
1585.894315	5.662794	1393
1586.904763	5.728064	1394
1587.906700	5.661187	1395
1588.919122	5.820598	1396
1589.920718	5.462516	1397
1590.932682	5.551462	1398
1591.933495	5.405988	1399
1592.948012	5.666112	1400
1593.948446	5.269968	1401
1594.960592	5.469622	1402
1595.961976	5.313231	1403
1596.974186	5.156031	1404
1597.975570	4.932118	1405
1598.984808	5.080762	1406
1599.989893	5.059194	1407
1600.997954	4.956277	1408
1602.002877	4.770826	1409
1603.008826	4.937279	1410
1604.017984	4.964704	1411
1605.020247	5.014281	1412
1606.032375	5.022467	1413
1607.031426	5.297271	1414
1608.047659	5.197887	1415
1609.043776	5.224704	1416
1610.063244	5.200092	1417
1611.056449	5.438361	1418
1612.077501	5.265510	1419
1613.069265	5.353340	1420
1614.090919	5.132600	1421
1615.084675	5.554113	1422
1616.103365	5.192003	1423
1617.099592	5.454451	1424
1618.115461	5.374350	1425
1619.115845	5.691704	1426
1620.128281	5.480045	1427
1621.131324	5.547034	1428
1622.139998	5.289706	1429
1623.147123	5.574246	1430
1624.152349	5.102100	1431
1625.161702	5.268294	1432
1626.164524	5.129130	1433
1627.176370	5.244909	1434
1628.177368	4.855929	1435
1629.190041	4.998459	1436
1630.190257	4.855338	1437
1631.202878	5.083185	1438
1632.203172	4.628327	1439
1633.216235	4.949924	1440
1634.217208	4.856693	1441
1635.229730	5.265548	1442
1636.231823	4.888474	1443
1637.243182	5.076573	1444
1638.246985	4.939644	1445
1639.256491	4.979238	1446
1640.263041	4.839625	1447
1641.268001	5.126675	1448
1642.278656	4.996734	1449
1643.281346	5.293292	1450
1644.295492	5.079098	1451
1645.293352	5.401725	1452
1646.311259	5.365761	1453
1647.306309	5.421077	1454
1648.326798	5.454662	1455
1649.318056	5.378683	1456
1650.340281	5.551099	1457
1651.331185	5.327003	1458
1652.353742	5.545766	1459
1653.345242	5.349236	1460
1654.366169	5.459031	1461
1655.360274	5.195008	1462
1656.378307	5.330658	1463
1657.374711	5.396802	1464
1658.390588	5.543890	1465
1659.390998	5.458323	1466
1660.403543	5.427773	1467
1661.405682	5.519417	1468
1662.416052	5.495816	1469
1663.420761	5.551943	1470
1664.428938	5.492196	1471
1665.435460	5.585603	1472
1666.442548	5.559661	1473
1667.449666	5.558453	1474
1668.455758	5.503472	1475
1669.463028	5.501219	1476
1670.469689	5.529148	1477
1671.476818	5.414334	1478
1672.482902	5.199387	1479
1673.488609	5.493778	1480
1674.497313	5.253159	1481
1675.502761	5.504200	1482
1676.510251	5.337080	1483
1677.513777	5.313002	1484
1678.524936	5.382769	1485
1679.525768	5.439342	1486
1680.539692	5.477404	1487
1681.537898	5.745769	1488
1682.554515	5.640055	1489
1683.550641	5.760017	1490
1684.569210	5.614578	1491
1685.563791	5.773398	1492
1686.583861	5.745506	1493
1687.576653	5.780170	1494
1688.596532	5.627161	1495
1689.590681	5.956034	1496
1690.609881	5.748437	1497
1691.604788	5.912960	1498
1692.623028	5.794770	1499
1693.620351	6.002159	1500
1694.636266	5.852222	1501
1695.635625	5.951073	1502
1696.648517	5.833110	1503
1697.651091	5.925065	1504
1698.661390	5.679403	1505
1699.665862	5.784610	1506
1700.673811	5.762992	1507
1701.679847	5.804254	1508
1702.686783	5.672815	1509
1703.694684	5.600312	1510
1704.700253	5.630213	1511
1705.708121	5.593694	1512
1706.713802	5.353674	1513
1707.721567	5.432273	1514
1708.727591	5.365623	1515
1709.735601	5.551593	1516
1710.741299	5.284302	1517
1711.748579	5.541028	1518
1712.755996	5.355459	1519
1713.761791	5.508347	1520
1714.770208	5.479882	1521
1715.773731	5.601576	1522
1716.785960	5.489814	1523
1717.786181	5.735613	1524
1718.801551	5.501223	1525
1719.798967	5.895995	1526
1720.816176	5.725809	1527
1721.810951	5.878947	1528
1722.831045	5.868089	1529
1723.824192	5.819945	1530
1724.845167	5.966284	1531
1725.837959	5.821202	1532
1726.859191	5.839232	1533
1727.851541	5.736009	1534
1728.872969	5.886959	1535
1729.866134	5.655604	1536
1730.886116	5.789897	1537
1731.880031	5.563129	1538
1732.899084	5.668844	1539
