time (s)	theta (A)	maj axis/z0	min axis/z0	crossing#mod 255
526.124235	64.652100	0.598375	-0.062789	233
528.140669	64.676712	0.601964	-0.061615	235
530.156738	64.714478	0.605505	-0.060057	237
532.171679	64.714897	0.608251	-0.058614	239
534.186263	64.744537	0.611379	-0.057383	241
536.200916	64.806091	0.614594	-0.055977	243
538.214666	64.821289	0.617379	-0.054694	245
540.228418	64.772606	0.620706	-0.052952	247
542.241738	64.879173	0.622259	-0.050992	249
544.254836	64.751167	0.625259	-0.049369	251
546.267818	64.717270	0.628827	-0.048293	253
548.281362	64.610863	0.631771	-0.047157	255
550.295089	64.562836	0.634530	-0.045562	1
552.308742	64.438721	0.636567	-0.044748	3
554.323367	64.437492	0.639192	-0.042809	5
556.338083	64.457726	0.641379	-0.041447	7
558.353535	64.496552	0.643872	-0.040085	9
560.369153	64.525108	0.647311	-0.038455	11
562.385188	64.617790	0.650678	-0.037142	13
564.400750	64.624229	0.654747	-0.035908	15
566.416509	64.677711	0.658265	-0.035007	17
568.431149	64.748726	0.661316	-0.033718	19
570.445666	64.742264	0.664301	-0.032679	21
572.459751	64.764725	0.667438	-0.031070	23
574.474004	64.791885	0.670814	-0.030112	25
576.487914	64.767807	0.673782	-0.029025	27
578.501939	64.709236	0.676711	-0.027778	29
580.515560	64.722511	0.679475	-0.026639	31
582.529273	64.696632	0.681666	-0.025789	33
584.542677	64.718880	0.683754	-0.024956	35
586.556362	64.759941	0.686606	-0.023663	37
588.569675	64.768593	0.689827	-0.022210	39
590.583735	64.795296	0.692225	-0.020870	41
592.597852	64.782173	0.694582	-0.019864	43
594.612530	64.798935	0.696578	-0.018791	45
596.627296	64.829903	0.699495	-0.017917	47
598.642414	64.848732	0.704101	-0.016712	49
600.657332	64.788574	0.707703	-0.015915	51
602.671639	64.881844	0.711228	-0.014938	53
604.687128	64.884712	0.715137	-0.014220	55
606.702111	64.917923	0.716786	-0.013192	57
608.716537	64.920120	0.719479	-0.012148	59
610.730925	64.886070	0.722204	-0.011517	61
612.745030	64.916344	0.725692	-0.010156	63
614.759295	64.899498	0.728557	-0.009193	65
616.773305	64.941368	0.731409	-0.007813	67
618.787067	64.822128	0.733963	-0.007416	69
620.800878	64.837349	0.736226	-0.005786	71
622.815013	64.796173	0.738207	-0.005419	73
624.829259	64.741417	0.741211	-0.003334	75
626.843688	64.718773	0.743627	-0.002582	77
628.858236	64.753830	0.746799	-0.001626	79
630.873201	64.680176	0.748941	-0.001332	81
632.888242	64.696327	0.752689	0.000195	83
634.903375	64.734261	0.756127	0.000762	85
636.918363	64.764442	0.758373	0.001932	87
638.933053	64.813889	0.761999	0.002520	89
640.947703	64.825424	0.765256	0.003133	91
642.962418	64.875206	0.768643	0.004093	93
644.976391	64.879707	0.770553	0.004646	95
646.990647	64.986504	0.773090	0.004855	97
649.005158	64.915520	0.774699	0.005590	99
651.018706	64.928223	0.776965	0.006486	101
653.032438	64.967484	0.780181	0.007565	103
655.046456	64.995743	0.782178	0.008458	105
657.060248	65.030777	0.785476	0.009384	107
659.074172	65.073418	0.786721	0.010134	109
661.088160	65.037529	0.788969	0.011181	111
663.102267	65.154961	0.790587	0.011958	113
665.116415	65.205658	0.794164	0.013004	115
667.131051	65.155685	0.795769	0.014146	117
669.145531	65.197990	0.798705	0.014709	119
671.160220	65.250946	0.801025	0.015344	121
673.174861	65.253693	0.803984	0.016146	123
675.189496	65.247581	0.805965	0.016675	125
677.203933	65.190308	0.808257	0.017425	127
679.218368	65.227074	0.811429	0.018304	129
681.232569	65.180237	0.814186	0.018640	131
683.246959	65.218346	0.816758	0.019803	133
685.261236	65.245216	0.818756	0.020004	135
687.275663	65.156746	0.822980	0.021531	137
689.289668	65.144318	0.826335	0.022237	139
691.303925	65.166710	0.829231	0.022998	141
693.317954	65.185989	0.832002	0.023816	143
695.332268	65.162491	0.833806	0.024734	145
697.346373	65.185547	0.835570	0.025441	147
699.360970	65.122307	0.837093	0.026498	149
701.375094	65.140167	0.838496	0.026772	151
703.389856	65.130020	0.840145	0.027591	153
705.404342	65.084724	0.842222	0.028418	155
707.419306	65.016640	0.844174	0.029173	157
709.433926	65.112518	0.846502	0.029810	159
711.448576	65.110077	0.849352	0.030813	161
713.463056	65.133850	0.851665	0.031711	163
715.477593	65.174568	0.854069	0.032287	165
717.491978	65.160439	0.855644	0.033107	167
719.505802	65.223701	0.858057	0.033458	169
721.519784	65.208099	0.860599	0.034082	171
723.533474	65.245377	0.862804	0.034915	173
725.547306	65.300926	0.865191	0.035406	175
727.561194	65.308067	0.867002	0.036034	177
729.575173	65.361366	0.869861	0.036950	179
731.589128	65.420700	0.872878	0.037810	181
733.603541	65.476517	0.875836	0.038892	183
735.617861	65.544571	0.877842	0.039547	185
737.632415	65.669380	0.879841	0.040569	187
739.647061	65.708931	0.881585	0.041278	189
741.661489	65.736443	0.882219	0.042450	191
743.675651	65.712700	0.883682	0.042939	193
745.690704	65.744690	0.886042	0.043741	195
747.704798	65.673485	0.888350	0.044478	197
749.719206	65.749062	0.890603	0.045631	199
751.733274	65.657913	0.892027	0.045650	201
753.747840	65.665337	0.895083	0.046385	203
755.761835	65.720375	0.897781	0.047052	205
757.776233	65.736992	0.899740	0.047552	207
759.790314	65.711136	0.901166	0.048140	209
761.804951	65.788620	0.902530	0.048824	211
763.818782	65.816963	0.903670	0.049105	213
765.833147	65.798065	0.904869	0.049480	215
767.847216	65.890862	0.907002	0.050129	217
769.861616	65.843407	0.909012	0.050745	219
771.875620	65.905190	0.911293	0.051465	221
773.890312	65.911499	0.910871	0.051683	223
775.904713	65.857582	0.912712	0.052509	225
777.919484	65.856789	0.915130	0.053059	227
779.933948	65.870224	0.917470	0.053917	229
781.948579	65.896072	0.918560	0.053965	231
783.963104	65.938484	0.921074	0.054817	233
785.977486	65.893059	0.923764	0.054988	235
787.991823	65.933716	0.925923	0.055934	237
790.005726	66.010895	0.928819	0.057145	239
792.020054	65.971931	0.930352	0.057235	241
794.033877	65.976669	0.932277	0.057859	243
796.047495	66.068977	0.934337	0.058170	245
798.061304	66.064270	0.935040	0.058615	247
800.075113	66.067390	0.938534	0.059159	249
802.088884	66.212761	0.941073	0.060136	251
804.103401	66.214661	0.942258	0.060402	253
806.117297	66.327408	0.942846	0.061187	255
808.131771	66.480492	0.943247	0.062032	1
810.146388	66.503441	0.945021	0.062704	3
812.161068	66.601761	0.944343	0.063017	5
814.175539	66.707397	0.945963	0.063734	7
816.190248	66.690788	0.946802	0.064484	9
818.204690	66.722542	0.949411	0.065151	11
820.219256	66.765320	0.950850	0.065349	13
822.233421	66.738876	0.953319	0.066063	15
824.247778	66.742348	0.956009	0.066562	17
826.261866	66.762215	0.958878	0.067363	19
828.276150	66.778366	0.959353	0.067837	21
830.290271	66.786453	0.960421	0.068578	23
832.304614	66.821594	0.962616	0.069200	25
834.318584	66.823425	0.963896	0.069620	27
836.333019	66.920792	0.966644	0.070427	29
838.347083	66.926186	0.967841	0.071358	31
840.361606	66.979713	0.968421	0.071605	33
842.375880	67.049797	0.969827	0.071995	35
844.390637	67.052376	0.970625	0.072803	37
846.404691	67.172241	0.970993	0.073014	39
848.419251	67.085297	0.972187	0.073530	41
850.433558	67.144447	0.973006	0.074022	43
852.448022	67.083794	0.972782	0.074598	45
854.462448	67.128632	0.975308	0.074955	47
856.477059	67.094727	0.978500	0.075947	49
858.491366	67.145844	0.981479	0.076363	51
860.505827	67.214142	0.983742	0.077073	53
862.520005	67.205818	0.986616	0.077522	55
864.534206	67.324280	0.987433	0.077993	57
866.547979	67.266647	0.988121	0.078292	59
868.561895	67.404701	0.989052	0.078561	61
870.575485	67.362671	0.989123	0.079021	63
872.589320	67.453049	0.993301	0.080063	65
874.603117	67.586540	0.993332	0.080497	67
876.617148	67.573471	0.993009	0.080890	69
878.631356	67.721451	0.993203	0.081176	71
880.645470	67.855438	0.992662	0.081733	73
882.660193	67.975349	0.990923	0.081785	75
884.674859	68.037086	0.991233	0.081499	77
886.689612	68.154587	0.994132	0.082781	79
