crossing time (s)	slope (V/s)	crossing number
2693.373780	2.702451	2404
2694.382391	3.015402	2405
2695.390190	2.856848	2406
2696.394309	2.863737	2407
2697.405654	2.599167	2408
2698.407707	2.463851	2409
2699.422178	2.377656	2410
2700.423478	2.645387	2411
2701.436774	2.733467	2412
2702.436989	2.796255	2413
2703.448618	2.913277	2414
2704.450837	2.950913	2415
2705.460966	2.596024	2416
2706.465830	2.667064	2417
2707.474670	2.545969	2418
2708.480317	2.521414	2419
2709.486314	2.465117	2420
2710.495022	2.157797	2421
2711.500263	2.276616	2422
2712.508013	2.052010	2423
2713.517966	2.310451	2424
2714.521460	2.188376	2425
2715.536399	2.844578	2426
2716.530074	2.659510	2427
2717.553167	3.099940	2428
2718.540287	2.560124	2429
2719.570754	2.792629	2430
2720.551460	2.622923	2431
2721.585693	2.788169	2432
2722.564159	2.638200	2433
2723.597280	2.339802	2434
2724.578986	2.490958	2435
2725.609443	2.042702	2436
2726.598833	2.406940	2437
2727.622102	2.491653	2438
2728.616939	2.663608	2439
2729.631814	2.677900	2440
2730.633424	2.846396	2441
2731.642804	2.808623	2442
2732.648407	2.793164	2443
2733.655578	2.582260	2444
2734.663500	2.662870	2445
2735.669371	2.609570	2446
2736.677427	2.498890	2447
2737.682806	2.452164	2448
2738.691092	2.397651	2449
2739.696269	2.505695	2450
2740.706097	2.408537	2451
2741.710167	2.491840	2452
2742.719898	2.478568	2453
2743.723957	2.557869	2454
2744.733589	2.501847	2455
2745.737958	2.365304	2456
2746.745761	2.486614	2457
2747.753315	2.315245	2458
2748.757186	2.447604	2459
2749.769192	2.269497	2460
2750.769275	2.537754	2461
2751.786273	2.362173	2462
2752.781270	2.540347	2463
2753.805416	2.382987	2464
2754.792113	2.383813	2465
2755.823385	2.418020	2466
2756.802889	2.405865	2467
2757.837857	2.399910	2468
2758.815191	2.527645	2469
2759.851258	2.485803	2470
2760.830293	2.250973	2471
2761.863472	2.328639	2472
2762.847000	2.243537	2473
2763.873516	2.500295	2474
2764.865228	2.280784	2475
2765.883762	2.516675	2476
2766.884160	2.268917	2477
2767.895501	2.517083	2478
2768.901548	2.272632	2479
2769.908247	2.425621	2480
2770.916500	2.469139	2481
2771.920937	2.509069	2482
2772.929896	2.339704	2483
2773.933846	2.413830	2484
2774.944017	2.182237	2485
2775.947436	2.415625	2486
2776.957750	2.154672	2487
2777.960756	2.441860	2488
2778.971495	2.422766	2489
2779.975436	2.413101	2490
2780.985639	2.360710	2491
2781.989684	2.490667	2492
2782.998604	2.513368	2493
2784.003102	2.446244	2494
2785.012049	2.413512	2495
2786.017577	2.495773	2496
2787.025786	2.355080	2497
2788.033476	2.530300	2498
2789.039539	2.267971	2499
2790.050305	2.689597	2500
2791.051996	2.403970	2501
2792.068000	2.600698	2502
2793.062617	2.196147	2503
2794.086498	2.500437	2504
2795.072658	1.996936	2505
2796.103747	2.456986	2506
2797.084238	1.969978	2507
2798.119338	2.285693	2508
2799.096120	2.117468	2509
2800.133145	2.287009	2510
2801.110620	2.468766	2511
2802.145582	2.327907	2512
2803.125660	2.677033	2513
2804.157056	2.503176	2514
2805.142281	2.687301	2515
2806.168743	2.472139	2516
2807.159607	2.721150	2517
2808.182021	2.686841	2518
2809.175733	2.730643	2519
2810.194719	2.790105	2520
2811.192363	2.727782	2521
2812.207655	2.866406	2522
2813.207298	2.812220	2523
2814.220885	2.576774	2524
2815.221253	2.542332	2525
2816.234679	2.434712	2526
2817.235658	2.555585	2527
2818.249063	2.330233	2528
2819.249037	2.412234	2529
2820.263318	2.411003	2530
2821.261738	2.334521	2531
2822.277617	2.470631	2532
2823.272631	2.431226	2533
2824.292259	2.498449	2534
2825.285165	2.393784	2535
2826.307942	2.494805	2536
2827.296620	2.483181	2537
2828.323943	2.746001	2538
2829.308398	2.554095	2539
2830.339133	2.726293	2540
2831.319752	2.678977	2541
2832.352756	2.878446	2542
2833.333674	2.610900	2543
2834.367785	2.715569	2544
2835.348075	2.624916	2545
2836.380882	2.768817	2546
2837.363546	2.568734	2547
2838.392793	2.729845	2548
2839.379618	2.556606	2549
2840.403227	2.854118	2550
2841.396858	2.545491	2551
2842.414848	2.755196	2552
2843.413671	2.562387	2553
2844.426726	2.764315	2554
2845.429508	2.538884	2555
2846.437393	2.834453	2556
2847.444704	2.576810	2557
2848.449902	2.705446	2558
2849.458318	2.510957	2559
2850.463388	2.676316	2560
2851.472827	2.659103	2561
2852.477131	2.701414	2562
2853.486169	2.676378	2563
2854.490424	2.811771	2564
2855.499966	2.651673	2565
2856.504197	2.803445	2566
2857.513723	2.611578	2567
2858.517999	2.938550	2568
2859.527722	2.665044	2569
2860.532573	2.802063	2570
2861.541917	2.633183	2571
2862.548381	2.843318	2572
2863.555347	2.692807	2573
2864.564387	2.783395	2574
2865.567763	2.509390	2575
2866.581132	2.840084	2576
2867.579224	2.242330	2577
2868.597724	2.710672	2578
2869.591025	2.193179	2579
2870.614990	2.538978	2580
2871.601419	2.046435	2581
2872.631908	2.441234	2582
2873.612164	2.127436	2583
2874.647045	2.336487	2584
2875.624943	2.310246	2585
2876.661527	2.234611	2586
2877.637895	2.539116	2587
2878.674483	2.348709	2588
2879.653721	2.510785	2589
2880.687740	2.328897	2590
2881.668465	2.704056	2591
2882.700081	2.580322	2592
2883.684534	2.847134	2593
2884.712855	2.647104	2594
2885.699080	2.842019	2595
2886.726015	2.659908	2596
2887.714792	2.816130	2597
2888.739812	2.737654	2598
2889.728957	2.870267	2599
2890.753454	2.897188	2600
2891.743497	2.746074	2601
2892.767142	2.888126	2602
2893.757886	2.673630	2603
2894.780638	2.886516	2604
2895.771389	2.615644	2605
2896.795008	2.838957	2606
2897.783534	2.764853	2607
2898.809514	2.928611	2608
2899.796114	2.855535	2609
2900.824181	2.916940	2610
2901.808768	2.806567	2611
2902.838118	2.861436	2612
2903.821343	2.915389	2613
2904.852438	2.945904	2614
2905.835515	2.846350	2615
2906.866088	2.968480	2616
2907.849392	2.994438	2617
2908.880142	3.212518	2618
2909.863935	2.868528	2619
2910.892585	3.167576	2620
2911.878798	2.928807	2621
2912.905025	3.209060	2622
2913.894569	2.783172	2623
2914.916972	3.041534	2624
2915.909809	2.820946	2625
2916.927431	3.104407	2626
2917.925397	2.626411	2627
2918.938901	2.853902	2628
2919.940601	2.768055	2629
2920.950543	2.919874	2630
2921.955685	2.648456	2631
2922.962208	2.973524	2632
2923.970072	2.718255	2633
2924.975216	2.873394	2634
2925.983875	2.753112	2635
2926.988819	2.950464	2636
2927.997317	2.880621	2637
2929.001812	2.928363	2638
2930.011166	2.642103	2639
2931.015211	2.879207	2640
2932.024937	2.728903	2641
2933.029557	2.828187	2642
2947.572576	4.582993	2643
2948.601357	5.072890	2644
2949.588810	5.426653	2645
2950.612027	5.241107	2646
2951.599102	5.244138	2647
2952.626986	4.602597	2648
2953.610427	4.911156	2649
2954.640909	4.464023	2650
2955.624574	4.548541	2651
2956.654719	4.478002	2652
2957.639295	4.836228	2653
2958.668388	4.800474	2654
2959.653228	4.750736	2655
2960.680272	4.806043	2656
2961.718578	4.486451	2657
2962.729603	4.543147	2658
2963.735495	4.028097	2659
2964.742788	4.262597	2660
2965.745536	4.727850	2661
2966.757711	4.633613	2662
2967.748484	4.443855	2663
2968.776456	4.301061	2664
2969.761998	4.188094	2665
2970.786981	4.789200	2666
2971.776017	4.631315	2667
2972.792765	4.438694	2668
