time (s)	energy (uJ)	charge (mC)	voltage (mV)	crossing#mod 255
3336.185494	5.266939	5.950766	0.885086	185
3337.213233	5.156404	5.907787	0.872815	186
3338.198768	5.481369	5.969660	0.918205	187
3339.227708	5.003461	5.961570	0.839286	188
3340.212459	5.531973	5.928854	0.933059	189
3341.241159	5.059402	5.951820	0.850060	190
3342.227027	5.593506	5.960390	0.938446	191
3343.256704	5.020356	5.954008	0.843189	192
3344.241100	5.525827	5.963066	0.926676	193
3345.271769	5.285972	5.938647	0.890097	194
3346.255578	5.609223	5.916086	0.948131	195
3347.284496	5.487782	5.940747	0.923753	196
3348.271515	5.467132	5.946426	0.919398	197
3349.297713	5.360195	5.945833	0.901504	198
3350.288484	5.413774	5.967335	0.907235	199
3351.319902	5.585361	5.926792	0.942392	200
3352.306330	5.182316	5.923666	0.874850	201
3353.321215	5.377904	5.909468	0.910049	202
3354.323076	5.370501	5.962303	0.900743	203
3355.343455	5.667793	5.959314	0.951082	204
3356.338506	5.542250	5.945467	0.932181	205
3357.347199	5.351717	5.962027	0.897634	206
3358.353317	5.721911	5.945431	0.962405	207
3359.363166	5.230440	5.946758	0.879545	208
3360.364581	5.781803	5.946545	0.972296	209
3361.380655	5.145154	5.912925	0.870154	210
3362.376803	5.815637	5.949521	0.977497	211
3363.398790	5.176758	5.960207	0.868553	212
3364.388878	5.961022	5.968136	0.998808	213
3365.415019	5.273860	5.944590	0.887170	214
3366.400759	5.867980	5.958398	0.984825	215
3367.430237	5.373228	5.888905	0.912432	216
3368.413936	5.776791	5.948536	0.971128	217
3369.444712	5.580161	5.955633	0.936955	218
3370.428916	5.783457	5.955827	0.971059	219
3371.459493	5.608250	5.930803	0.945614	220
3372.443572	5.686700	5.949765	0.955786	221
3373.472928	5.565624	5.918539	0.940371	222
3374.459099	5.751487	5.942391	0.967874	223
3375.487013	5.580534	5.950391	0.937843	224
3376.474266	5.635215	5.959498	0.945586	225
3377.501119	5.529922	5.960062	0.927830	226
3378.489792	5.573162	5.976127	0.932571	227
3379.516258	5.569007	5.948704	0.936171	228
3380.505126	5.575786	5.924928	0.941072	229
3381.528991	5.690548	5.950761	0.956272	230
3382.519478	5.486594	5.926546	0.925766	231
3383.545313	5.698270	5.947600	0.958079	232
3384.532853	5.581803	5.915895	0.943527	233
3385.560680	5.609949	5.956412	0.941834	234
3386.547744	5.608373	5.942933	0.943705	235
3387.576083	5.545589	5.947922	0.932357	236
3388.560786	5.651416	5.951181	0.949629	237
3389.590804	5.513531	5.945120	0.927404	238
3390.575925	5.761824	5.954553	0.967633	239
3391.605780	5.397569	5.946759	0.907649	240
3392.590622	5.781061	5.928475	0.975135	241
3393.618651	5.393325	5.947917	0.906759	242
3394.607760	5.824639	5.911440	0.985317	243
3395.631491	5.485135	5.940031	0.923419	244
3396.624926	5.741293	5.936634	0.967096	245
3397.643338	5.361929	5.934496	0.903519	246
3398.640219	5.797533	5.963154	0.972226	247
3399.657530	5.263686	5.910639	0.890544	248
3400.656180	5.730482	5.958376	0.961752	249
3401.671306	5.537003	5.951433	0.930365	250
3402.671113	5.751508	5.946699	0.967177	251
3403.686205	5.709995	5.927925	0.963237	252
3404.684281	5.887146	5.938111	0.991417	253
3405.701126	5.921430	5.949835	0.995226	254
3406.707266	6.143422	5.944881	1.033397	255
3407.717993	6.006927	5.954836	1.008748	0
3408.711070	5.754374	5.958710	0.965708	1
3409.734249	5.777985	5.952368	0.970704	2
3410.725156	5.730464	5.944972	0.963918	3
3411.750052	5.770422	5.943125	0.970941	4
3412.740003	5.665103	5.946487	0.952681	5
3413.765370	5.811651	5.959342	0.975217	6
3414.754447	5.704342	5.949581	0.958781	7
3415.780543	5.628743	5.958024	0.944733	8
3416.768274	5.637654	5.958508	0.946152	9
3417.795184	5.638802	5.905374	0.954859	10
3418.783792	5.574216	5.945526	0.937548	11
3419.810235	5.661516	5.955761	0.950595	12
3420.798899	5.416028	5.946600	0.910777	13
3421.822568	5.919837	5.949945	0.994940	14
3422.813833	5.513437	5.944893	0.927424	15
3423.836042	5.919784	5.939641	0.996657	16
3424.839259	5.835961	5.955701	0.979895	17
3425.848646	5.842769	5.941220	0.983429	18
3426.845201	5.751458	5.952928	0.966156	19
3427.861218	5.949399	5.962677	0.997773	20
3428.858762	6.040473	5.958093	1.013827	21
3429.873969	5.978917	5.912536	1.011227	22
3430.873819	6.022361	5.927300	1.016038	23
3431.887310	5.892146	5.948920	0.990456	24
3432.887484	5.967478	5.928867	1.006512	25
3433.902711	5.639459	5.966744	0.945149	26
3434.901371	5.996885	5.953085	1.007358	27
3435.919823	5.530786	5.948035	0.929851	28
3436.913693	6.237040	5.965286	1.045556	29
3437.937044	5.453533	5.911108	0.922591	30
3438.926131	6.298576	5.951623	1.058296	31
3439.954942	5.471457	5.954923	0.918813	32
3440.937274	6.378083	5.961644	1.069853	33
3441.971981	5.577916	5.938529	0.939276	34
3442.950313	6.499545	5.947641	1.092794	35
3443.986920	5.768030	5.944705	0.970280	36
3444.963296	6.437426	5.941953	1.083385	37
3446.001555	5.830515	5.938560	0.981806	38
3446.987363	6.562158	5.961462	1.100763	39
3448.014954	6.074908	5.971107	1.017384	40
3448.992657	6.208227	5.949414	1.043502	41
3450.028522	5.965909	5.935264	1.005163	42
3451.007961	6.011503	5.942667	1.011583	43
3452.042477	6.024891	5.961266	1.010673	44
3453.022474	5.997920	5.940266	1.009706	45
3454.057260	5.952539	5.964394	0.998012	46
3455.037307	6.009287	5.951208	1.009759	47
3456.072409	5.947816	5.936095	1.001975	48
3457.062200	6.130714	5.943065	1.031574	49
3458.084876	6.210133	5.937063	1.045994	50
3459.068114	5.888869	5.951469	0.989482	51
3460.101892	6.102798	5.943767	1.026756	52
3461.082943	6.019218	5.949109	1.011785	53
3462.116105	6.103853	5.954726	1.025044	54
3463.098338	5.900393	5.933801	0.994370	55
3464.131859	5.973551	5.948636	1.004188	56
3465.113308	5.946611	5.926784	1.003345	57
3466.146470	5.872119	5.957944	0.985595	58
3467.130315	5.937736	5.930467	1.001226	59
3468.160804	5.622177	5.940945	0.946344	60
3469.147418	6.024181	5.952712	1.012006	61
3470.173820	5.511066	5.950478	0.926155	62
3471.164069	5.999524	5.933881	1.011062	63
3472.186762	5.680311	5.936742	0.956806	64
3473.180423	5.941752	5.917198	1.004150	65
3474.198427	5.697246	5.964839	0.955138	66
3475.195474	5.985104	5.961699	1.003926	67
3476.211746	5.748421	5.967415	0.963302	68
3477.210243	6.179847	5.953457	1.038027	69
3478.224678	6.007353	5.956271	1.008576	70
3479.225000	6.253202	5.946342	1.051605	71
3480.239363	6.362897	5.938206	1.071518	72
3481.238413	6.385134	5.960714	1.071203	73
3482.254718	6.477415	5.949525	1.088728	74
3483.253195	6.293549	5.943508	1.058895	75
3484.270422	6.416295	5.944953	1.079284	76
3485.267622	6.256886	5.936212	1.054020	77
3486.285920	6.498596	5.932143	1.095489	78
3487.282654	6.166977	5.948409	1.036744	79
3488.301951	6.498932	5.960166	1.090395	80
3489.297553	6.082139	5.936642	1.024508	81
3490.316672	6.320426	5.968096	1.059035	82
3491.312400	6.157230	5.956141	1.033762	83
3492.331242	6.269019	5.934328	1.056399	84
3493.326819	6.091532	5.931859	1.026918	85
3494.344988	6.366322	5.933647	1.072919	86
3495.341840	6.101592	5.907433	1.032867	87
3496.368439	6.448569	5.939033	1.085795	88
3497.356870	5.962553	5.954401	1.001369	89
3498.371678	6.376580	5.953494	1.071065	90
3499.381319	6.085760	5.936355	1.025168	91
3500.384842	6.162898	5.957119	1.034544	92
3501.385997	6.127953	5.940384	1.031575	93
3502.399280	6.167960	5.950705	1.036509	94
3503.400361	5.993718	5.940560	1.008948	95
3504.414128	5.995306	5.931066	1.010831	96
3505.414351	6.169577	5.936673	1.039231	97
3506.429901	5.901995	5.913310	0.998087	98
3507.428023	6.316853	5.962561	1.059419	99
3508.446547	5.862947	5.949086	0.985521	100
3509.451125	6.666131	5.967782	1.117020	101
3510.473580	6.104008	5.941566	1.027340	102
3511.464291	6.773581	5.947517	1.138892	103
3512.481000	5.881509	5.949027	0.988651	104
3513.466562	6.678986	5.953002	1.121953	105
3514.496952	6.199637	5.952198	1.041571	106
3515.479158	6.848002	5.944845	1.151923	107
3516.512582	6.334582	5.944043	1.065703	108
3517.492293	6.683913	5.895339	1.133762	109
3518.527448	6.387150	5.953293	1.072877	110
3519.506081	6.531447	5.941010	1.099383	111
3520.541539	6.423699	5.912348	1.086489	112
3521.520235	6.383108	5.955106	1.071871	113
3522.555582	6.329532	5.923862	1.068481	114
3523.535317	6.345078	5.940344	1.068133	115
3524.569643	6.448093	5.957384	1.082370	116
3525.550440	6.280266	5.956864	1.054291	117
3526.584252	6.425569	5.911905	1.086886	118
3527.565035	6.250314	5.901065	1.059184	119
3528.599209	6.520952	5.942348	1.097370	120
3529.579878	6.176939	5.948883	1.038336	121
3530.614516	6.412485	5.938503	1.079815	122
3531.595074	6.016407	5.946991	1.011672	123
3532.629427	6.331544	5.937769	1.066317	124
3533.610956	5.886504	5.952041	0.988989	125
3534.644840	6.256130	5.946265	1.052111	126
3535.626073	5.840866	5.943350	0.982757	127
3536.661057	6.040248	5.947092	1.015664	128
3537.640831	5.916930	5.948030	0.994772	129
3538.673675	5.953085	5.944217	1.001492	130
3539.658535	5.863244	5.959193	0.983899	131
3540.687810	5.868094	5.952240	0.985863	132
3541.676181	5.983179	5.931965	1.008634	133
3542.700607	5.849872	5.968606	0.980107	134
3543.693005	6.008000	5.946259	1.010383	135
3544.713092	5.794684	5.940203	0.975503	136
3545.708470	6.229892	5.947439	1.047492	137
3546.725792	5.816483	5.909582	0.984246	138
3547.724007	6.320746	5.958451	1.060804	139
3548.738357	6.106211	5.924464	1.030677	140
3549.739707	6.325155	5.946493	1.063678	141
3550.751462	6.265144	5.924891	1.057428	142
3551.753244	6.690515	5.952120	1.124056	143
3552.765117	6.377816	5.912595	1.078683	144
3553.768274	6.584566	5.951167	1.106433	145
3554.779958	6.486519	5.967775	1.086924	146
3555.782839	6.597737	5.943974	1.109988	147
3556.794594	6.500872	5.897116	1.102382	148
3557.797429	6.626833	5.924190	1.118606	149
3558.809750	6.759678	5.965362	1.133155	150
3559.812307	6.527102	5.944202	1.098062	151
3560.824579	6.770380	5.946290	1.138589	152
3561.826564	6.580396	5.952418	1.105500	153
3562.839306	6.860769	5.962445	1.150664	154
3563.841694	6.571512	5.946116	1.105177	155
3564.853642	6.834454	5.901804	1.158028	156
3565.856607	6.547497	5.921520	1.105712	157
3566.868254	6.807944	5.951206	1.143960	158
3567.871263	6.585118	5.937861	1.109005	159
3568.882208	6.658403	5.960268	1.117132	160
3569.886183	6.601254	5.945019	1.110384	161
3570.896121	6.578399	5.964141	1.102992	162
3571.899784	6.496145	5.966220	1.088821	163
3572.920646	6.569651	5.952142	1.103746	164
3573.914780	6.498601	5.949228	1.092344	165
3574.925968	6.233560	5.923476	1.052348	166
3575.929271	6.386194	5.917658	1.079176	167
3576.941752	6.215374	5.944996	1.045480	168
3577.943022	6.452473	5.958032	1.082987	169
3578.958621	6.089266	5.949462	1.023499	170
3579.957466	6.598422	5.948507	1.109257	171
3580.975465	5.952273	5.904551	1.008082	172
3581.970643	6.765001	5.960869	1.134902	173
3582.992559	6.093645	5.942649	1.025409	174
3583.984038	6.994044	5.958433	1.173806	175
3585.009083	6.140449	5.939766	1.033786	176
3585.996757	7.016881	5.952703	1.178772	177
3587.024904	6.399928	5.893991	1.085840	178
3588.010113	6.946204	5.956415	1.166172	179
3589.040183	6.617702	5.967682	1.108923	180
3590.023032	6.938320	5.923758	1.171270	181
3591.054501	6.719000	5.929343	1.133178	182
3592.036695	7.019889	5.950362	1.179742	183
3593.069189	6.893807	5.958497	1.156971	184
3594.051397	6.782067	5.948024	1.140222	185
3595.083211	6.825684	5.943368	1.148454	186
3596.066122	6.701023	5.944541	1.127257	187
3597.097824	6.774716	5.943621	1.139830	188
3598.080871	6.460580	5.946357	1.086477	189
3599.112717	6.742033	5.946847	1.133716	190
3600.096527	6.307273	5.947042	1.060573	191
3601.127522	6.702230	5.930019	1.130221	192
3602.111268	6.402664	5.936697	1.078489	193
3603.142663	6.684277	5.946356	1.124096	194
3604.126860	6.277671	5.949114	1.055228	195
3605.158069	6.669479	5.947110	1.121466	196
3606.142415	6.349179	5.923494	1.071864	197
3607.173086	6.586970	5.918600	1.112927	198
3608.158329	6.387697	5.962451	1.071321	199
3609.188478	6.390744	5.955017	1.073170	200
3610.174302	6.351749	5.942334	1.068898	201
3611.202667	6.084276	5.906811	1.030044	202
3612.190236	6.370128	5.934816	1.073349	203
3613.216767	5.997571	5.941121	1.009502	204
3614.206321	6.316144	5.931592	1.064831	205
3615.229489	6.025278	5.938690	1.014580	206
3616.222790	6.354024	5.939425	1.069805	207
3617.243168	6.183143	5.958732	1.037661	208
3618.238192	6.417110	5.904483	1.086820	209
3619.255644	6.190647	5.950854	1.040295	210
3620.253325	6.487220	5.949082	1.090457	211
3621.267980	6.089127	5.929119	1.026987	212
3622.268474	6.471375	5.945885	1.088379	213
3623.281247	6.405505	5.915411	1.082851	214
3624.283464	6.547469	5.959976	1.098573	215
3625.295298	6.544406	5.945951	1.100649	216
3626.297470	6.807700	5.975651	1.139240	217
3627.308236	6.912808	5.927922	1.166144	218
3628.312841	6.833578	5.958572	1.146848	219
3629.323307	7.006379	5.957219	1.176116	220
3630.326660	6.906387	5.946333	1.161453	221
3631.337843	6.991327	5.966229	1.171817	222
3632.341860	6.936512	5.950157	1.165770	223
3633.352642	7.025575	5.966393	1.177525	224
3634.356423	6.960673	5.933800	1.173055	225
3635.366589	6.884843	5.933789	1.160278	226
3636.371151	6.985497	5.960797	1.171907	227
3637.381374	6.758776	5.960688	1.133892	228
3638.385912	6.827621	5.926995	1.151953	229
3639.395586	6.839002	5.931771	1.152944	230
3640.400424	6.764577	5.938090	1.139184	231
3641.410705	6.788812	5.936648	1.143543	232
3642.414961	6.678754	5.958341	1.120908	233
3643.425965	6.548904	5.911898	1.107750	234
3644.429304	6.609082	5.932920	1.113968	235
3645.440991	6.686279	5.965339	1.120855	236
3646.443634	6.675545	5.954262	1.121137	237
3647.457113	6.493775	5.965672	1.088524	238
