time (s)	coil I (A)	last det (V)	int current (uC)
7680.733151	1.429548	0.228742	649.014954
7680.734050	1.908329	0.228742	2364.602539
7680.734950	1.872334	0.228742	4049.703125
7680.735899	1.814106	0.228742	5771.290039
7680.736808	1.756915	0.228742	7368.326172
7680.737721	1.247289	0.228742	8507.100586
7680.738606	0.122003	0.228742	8615.073242
7680.739560	0.097130	0.228742	8707.735352
7680.740467	0.097130	0.228742	8795.832031
7680.741360	0.097189	0.228742	8882.621094
7680.742301	0.097170	0.228742	8974.058594
7680.743204	0.097291	0.228742	9061.913086
7680.744097	0.097137	0.228742	9148.657227
7680.744988	0.097126	0.228742	9235.197266
7680.745917	0.097156	0.228742	9325.455078
7680.746822	0.097130	0.228742	9413.357422
7681.758149	1.391964	0.257033	604.112427
7681.759116	1.908483	0.257033	2449.615234
7681.760027	1.869159	0.257033	4152.418945
7681.760936	1.813019	0.257033	5800.453125
7681.761827	1.756176	0.257033	7365.205566
7681.762789	1.170824	0.257033	8491.538086
7681.763695	0.112588	0.257033	8593.542969
7681.764586	0.097104	0.257033	8680.063477
7681.765525	0.097200	0.257033	8771.333984
7681.766421	0.097236	0.257033	8858.458008
7681.767321	0.097196	0.257033	8945.934570
7681.768217	0.097214	0.257033	9033.039062
7681.769160	0.097225	0.257033	9124.722656
7681.770067	0.097240	0.257033	9212.918945
7681.770973	0.097170	0.257033	9300.955078
7681.771859	0.097148	0.257033	9387.028320
7682.747843	1.384248	0.233177	597.995178
7682.748811	1.907011	0.233177	2443.981445
7682.749734	1.869133	0.233177	4169.191406
7682.750634	1.812832	0.233177	5800.740234
7682.751527	1.756630	0.233177	7369.410156
7682.752477	1.182997	0.233177	8493.256836
7682.753373	0.113525	0.233177	8594.975586
7682.754273	0.097039	0.233177	8682.310547
7682.755160	0.097075	0.233177	8768.416016
7682.756091	0.097134	0.233177	8858.847656
7682.757001	0.097090	0.233177	8947.199219
7682.757894	0.097115	0.233177	9033.923828
7682.758825	0.097266	0.233177	9124.478516
7682.759720	0.097163	0.233177	9211.439453
7682.760626	0.097137	0.233177	9299.446289
7682.761516	0.097145	0.233177	9385.905273
7683.772886	1.406737	0.253770	618.964294
7683.773802	1.908358	0.253770	2367.020508
7683.774701	1.872447	0.253770	4050.350586
7683.775641	1.815542	0.253770	5756.959961
7683.776575	1.755615	0.253770	7396.704590
7683.777498	1.197242	0.253770	8501.759766
7683.778384	0.116477	0.253770	8604.958008
7683.779329	0.097178	0.253770	8696.791016
7683.780240	0.097130	0.253770	8785.276367
7683.781132	0.097079	0.253770	8871.871094
7683.782020	0.097145	0.253770	8958.135742
7683.782949	0.097134	0.253770	9048.373047
7683.783856	0.097119	0.253770	9136.459961
7683.784750	0.097192	0.253770	9223.349609
7683.785669	0.097148	0.253770	9312.628906
7683.786577	0.097178	0.253770	9400.866211
7684.763084	1.405763	0.226736	624.158813
7684.763987	1.908439	0.226736	2347.479004
7684.764882	1.872532	0.226736	4023.395020
7684.765852	1.813850	0.226736	5782.829590
7684.766767	1.756410	0.226736	7389.944824
7684.767679	1.224177	0.226736	8506.394531
7684.768625	0.117129	0.226736	8617.198242
7684.769529	0.097119	0.226736	8704.994141
7684.770426	0.097126	0.226736	8792.116211
7684.771311	0.097134	0.226736	8878.080078
7684.772249	0.097192	0.226736	8969.246094
7684.773157	0.097137	0.226736	9057.447266
7684.774063	0.097174	0.226736	9145.487305
7684.774953	0.097094	0.226736	9231.900391
7684.775907	0.097137	0.226736	9324.569336
7684.776816	0.097112	0.226736	9412.843750
7685.787592	1.399475	0.248726	614.369568
7685.788544	1.907014	0.248726	2429.847168
7685.789468	1.869075	0.248726	4156.872070
7685.790376	1.813074	0.248726	5803.143066
7685.791269	1.756355	0.248726	7371.568359
7685.792238	1.152345	0.248726	8488.190430
7685.793147	0.110636	0.248726	8588.758789
7685.794044	0.097086	0.248726	8675.844727
7685.794963	0.097159	0.248726	8765.133789
7685.795878	0.097225	0.248726	8854.094727
7685.796786	0.097156	0.248726	8942.312500
7685.797673	0.097218	0.248726	9028.544922
7685.798606	0.097306	0.248726	9119.331055
7685.799513	0.097181	0.248726	9207.474609
7685.800419	0.097104	0.248726	9295.451172
7685.801311	0.097200	0.248726	9382.153320
7686.777287	1.386149	0.225664	600.202393
7686.778231	1.906871	0.225664	2400.289062
7686.779152	1.870089	0.225664	4122.641113
7686.780078	1.813217	0.225664	5801.679687
7686.780976	1.756534	0.225664	7379.047852
7686.781937	1.192343	0.225664	8524.888672
7686.782829	0.115093	0.225664	8627.551758
7686.783730	0.097031	0.225664	8714.976562
7686.784617	0.097141	0.225664	8801.140625
7686.785564	0.097189	0.225664	8893.178711
7686.786471	0.097075	0.225664	8981.225586
7686.787369	0.097097	0.225664	9068.418945
7686.788298	0.097152	0.225664	9158.672852
7686.789192	0.097214	0.225664	9245.582031
7686.790086	0.097061	0.225664	9332.354492
7686.790972	0.097170	0.225664	9418.447266
7687.802365	1.465221	0.256368	704.771301
7687.803281	1.908406	0.256368	2452.870850
7687.804184	1.869891	0.256368	4141.382812
7687.805081	1.813290	0.256368	5767.903809
7687.806027	1.754583	0.256368	7427.738770
7687.806943	1.184330	0.256368	8512.584961
7687.807834	0.114360	0.256368	8614.480469
7687.808756	0.097083	0.256368	8703.990234
7687.809667	0.097104	0.256368	8792.452148
7687.810580	0.097134	0.256368	8881.135742
7687.811475	0.097163	0.256368	8968.096680
7687.812418	0.097156	0.256368	9059.714844
7687.813317	0.097057	0.256368	9146.968750
7687.814199	0.097163	0.256368	9232.666992
7687.815139	0.097170	0.256368	9324.006836
7687.816049	0.097134	0.256368	9412.398437
7688.790988	1.396230	0.236613	614.341431
7688.791969	1.909021	0.236613	2487.091064
7688.792883	1.868210	0.236613	4194.635254
7688.793788	1.811957	0.236613	5834.456055
7688.794727	1.754213	0.236613	7481.661621
7688.795649	1.118628	0.236613	8513.036133
7688.796562	0.108391	0.236613	8611.997070
7688.797452	0.097145	0.236613	8698.456055
7688.798394	0.097251	0.236613	8790.066406
7688.799290	0.097148	0.236613	8877.111328
7688.800198	0.097115	0.236613	8965.291992
7688.801090	0.097163	0.236613	9051.961914
7688.802032	0.097207	0.236613	9143.531250
7688.802937	0.097126	0.236613	9231.430664
7688.803841	0.097189	0.236613	9319.289062
7688.804776	0.097178	0.236613	9410.150391
7689.818106	1.436990	0.257879	701.251038
7689.819017	1.909043	0.257879	2440.389160
7689.819917	1.869946	0.257879	4123.340820
7689.820810	1.814582	0.257879	5743.762695
7689.821763	1.755553	0.257879	7416.804687
7689.822680	1.178613	0.257879	8497.592773
7689.823578	0.113405	0.257879	8599.429687
7689.824478	0.097101	0.257879	8686.820312
7689.825413	0.097152	0.257879	8777.657227
7689.826316	0.097123	0.257879	8865.359375
7689.827212	0.097086	0.257879	8952.348633
7689.828137	0.097159	0.257879	9042.220703
7689.829038	0.097159	0.257879	9129.761719
7689.829937	0.097156	0.257879	9217.104492
7689.830825	0.097156	0.257879	9303.378906
7689.831761	0.097218	0.257879	9394.375000
7690.804175	1.390532	0.239252	607.662598
7690.805128	1.907289	0.239252	2425.308838
7690.806045	1.869613	0.239252	4139.744141
7690.806946	1.813608	0.239252	5773.805176
7690.807838	1.757424	0.239252	7341.427734
7690.808787	1.203424	0.239252	8483.477539
7690.809689	0.115221	0.239252	8587.407227
7690.810615	0.096951	0.239252	8677.183594
7690.811509	0.097079	0.239252	8763.971680
7690.812457	0.097057	0.239252	8855.981445
7690.813366	0.097053	0.239252	8944.203125
7690.814251	0.097006	0.239252	9030.052734
7690.815197	0.097163	0.239252	9121.968750
7690.816109	0.097042	0.239252	9210.471680
7690.817014	0.097013	0.239252	9298.268555
7690.817899	0.097079	0.239252	9384.183594
7691.834877	1.467543	0.251611	704.420532
7691.835799	1.908790	0.251611	2464.325195
7691.836709	1.868848	0.251611	4164.976562
7691.837624	1.812235	0.251611	5823.171875
7691.838556	1.754110	0.251611	7458.002441
7691.839486	1.133884	0.251611	8512.514648
7691.840372	0.110731	0.251611	8610.622070
7691.841307	0.097024	0.251611	8701.339844
7691.842211	0.097024	0.251611	8789.049805
7691.843108	0.097020	0.251611	8876.077148
7691.843992	0.096984	0.251611	8961.810547
7691.844942	0.097145	0.251611	9054.097656
7691.845850	0.096980	0.251611	9142.155273
7691.846747	0.097024	0.251611	9229.185547
7691.847664	0.097042	0.251611	9318.172852
7691.848579	0.097123	0.251611	9407.040039
7692.817355	1.401101	0.238394	615.083313
7692.818308	1.908728	0.238394	2434.101074
7692.819228	1.869364	0.238394	4153.916016
7692.820132	1.813367	0.238394	5793.199707
7692.821072	1.755103	0.238394	7442.996094
7692.821998	1.161266	0.238394	8518.328125
7692.822903	0.110658	0.238394	8618.473633
7692.823790	0.096896	0.238394	8704.419922
7692.824737	0.097104	0.238394	8796.377930
7692.825640	0.096969	0.238394	8883.941406
7692.826540	0.097035	0.238394	8971.272461
7692.827423	0.097061	0.238394	9056.976562
7692.828360	0.097090	0.238394	9147.950195
7692.829264	0.097057	0.238394	9235.689453
7692.830160	0.097020	0.238394	9322.619141
7692.831090	0.097053	0.238394	9412.878906
7693.853149	1.423689	0.250221	642.083679
7693.854050	1.908721	0.250221	2361.841064
7693.854967	1.871503	0.250221	4078.009033
7693.855905	1.814176	0.250221	5779.706055
7693.856805	1.756901	0.250221	7360.916504
7693.857706	1.266837	0.250221	8502.336914
7693.858640	0.120754	0.250221	8615.121094
7693.859542	0.096995	0.250221	8702.610352
7693.860465	0.097028	0.250221	8792.166992
7693.861355	0.097013	0.250221	8878.508789
7693.862311	0.097064	0.250221	8971.301758
7693.863212	0.096991	0.250221	9058.690430
7693.864099	0.097097	0.250221	9144.815430
7693.865017	0.097064	0.250221	9233.919922
7693.865938	0.096973	0.250221	9323.231445
7693.866832	0.097094	0.250221	9410.033203
7694.830536	1.396080	0.236291	611.483215
7694.831489	1.908190	0.236291	2429.988037
7694.832417	1.869009	0.236291	4164.428223
7694.833319	1.813121	0.236291	5799.863770
7694.834259	1.754916	0.236291	7449.484375
7694.835179	1.151770	0.236291	8509.113281
7694.836076	0.111266	0.236291	8608.918945
7694.836960	0.096998	0.236291	8694.665039
7694.837902	0.097137	0.236291	8786.168945
7694.838811	0.097145	0.236291	8874.473633
7694.839719	0.097094	0.236291	8962.634766
7694.840618	0.097046	0.236291	9049.878906
7694.841568	0.097057	0.236291	9142.083008
7694.842472	0.097006	0.236291	9229.776367
7694.843369	0.097061	0.236291	9316.839844
7694.844312	0.097108	0.236291	9408.413086
7695.868886	1.409652	0.259554	634.343445
7695.869788	1.908541	0.259554	2355.847656
7695.870738	1.871067	0.259554	4133.361328
7695.871653	1.813795	0.259554	5792.983887
7695.872554	1.756659	0.259554	7375.733398
7695.873458	1.255507	0.259554	8510.710937
7695.874396	0.114844	0.259554	8618.434570
7695.875303	0.097020	0.259554	8706.431641
7695.876205	0.097024	0.259554	8793.947266
7695.877092	0.097031	0.259554	8880.013672
7695.878046	0.097072	0.259554	8972.620117
7695.878957	0.097042	0.259554	9061.025391
7695.879851	0.097031	0.259554	9147.771484
7695.880784	0.097112	0.259554	9238.376953
7695.881686	0.097104	0.259554	9325.964844
7695.882581	0.096991	0.259554	9412.771484
7696.841708	1.439714	0.237072	666.587708
7696.842607	1.908732	0.237072	2382.537598
7696.843502	1.871752	0.237072	4057.755371
7696.844464	1.813810	0.237072	5802.640625
7696.845373	1.755905	0.237072	7398.757812
7696.846283	1.217629	0.237072	8506.800781
7696.847207	0.117264	0.237072	8615.153320
7696.848123	0.097075	0.237072	8704.074219
7696.849032	0.097031	0.237072	8792.275391
7696.849928	0.097006	0.237072	8879.192383
7696.850858	0.097086	0.237072	8969.482422
7696.851762	0.097101	0.237072	9057.261719
7696.852666	0.097068	0.237072	9145.010742
7696.853554	0.097020	0.237072	9231.165039
7696.854481	0.097075	0.237072	9321.153320
7696.855387	0.096995	0.237072	9409.030273
7697.884115	1.401101	0.264670	616.484436
7697.885047	1.907461	0.264670	2394.238037
7697.885978	1.869668	0.264670	4134.898926
7697.886890	1.812902	0.264670	5788.265137
7697.887793	1.755612	0.264670	7373.582520
7697.888776	1.122187	0.264670	8476.693359
7697.889674	0.108911	0.264670	8574.495117
7697.890563	0.096888	0.264670	8660.628906
7697.891497	0.097046	0.264670	8751.269531
7697.892411	0.096958	0.264670	8839.888672
7697.893326	0.097002	0.264670	8928.645508
7697.894217	0.097017	0.264670	9015.086914
7697.895157	0.097006	0.264670	9106.272461
7697.896053	0.097050	0.264670	9193.228516
7697.896962	0.096973	0.264670	9281.376953
7697.897862	0.096998	0.264670	9368.675781
7698.853337	1.399471	0.241201	615.767395
7698.854233	1.908157	0.241201	2325.475830
7698.855207	1.869734	0.241201	4146.596680
7698.856107	1.813513	0.241201	5778.758789
7698.857000	1.757175	0.241201	7347.916504
7698.857950	1.192562	0.241201	8480.850586
7698.858868	0.112881	0.241201	8584.475586
7698.859778	0.096925	0.241201	8672.677734
7698.860666	0.097028	0.241201	8758.837891
7698.861590	0.097156	0.241201	8848.609375
7698.862507	0.097042	0.241201	8937.596680
7698.863419	0.097035	0.241201	9026.092773
7698.864308	0.097108	0.241201	9112.421875
7698.865259	0.097009	0.241201	9204.677734
7698.866154	0.097017	0.241201	9291.507812
7698.867039	0.097053	0.241201	9377.400391
7699.900905	1.430284	0.263293	650.779419
7699.901829	1.908479	0.263293	2414.213867
7699.902730	1.871067	0.263293	4100.044922
7699.903674	1.814066	0.263293	5812.523437
7699.904582	1.756069	0.263293	7407.034180
7699.905488	1.218578	0.263293	8511.065430
7699.906376	0.118824	0.263293	8616.582031
7699.907322	0.096973	0.263293	8708.318359
7699.908230	0.097006	0.263293	8796.399414
7699.909133	0.097031	0.263293	8884.018555
7699.910026	0.097017	0.263293	8970.654297
7699.910975	0.097072	0.263293	9062.775391
7699.911878	0.096984	0.263293	9150.351562
7699.912772	0.097009	0.263293	9237.078125
7699.913704	0.097035	0.263293	9327.514648
7699.914610	0.097006	0.263293	9415.401367
7700.867562	1.427289	0.231658	659.407410
7700.868476	1.908398	0.231658	2403.683350
7700.869382	1.870697	0.231658	4098.535156
7700.870322	1.813425	0.231658	5803.154785
7700.871242	1.754908	0.231658	7417.670410
7700.872150	1.199187	0.231658	8506.532227
7700.873036	0.116627	0.231658	8609.864258
7700.873992	0.097020	0.231658	8702.615234
7700.874903	0.097024	0.231658	8791.003906
7700.875801	0.097046	0.231658	8878.151367
7700.876693	0.097061	0.231658	8964.729492
7700.877625	0.097167	0.231658	9055.289062
7700.878524	0.096980	0.231658	9142.473633
7700.879420	0.096987	0.231658	9229.374023
7700.880355	0.097039	0.231658	9320.105469
7700.881260	0.097097	0.231658	9407.978516
7701.914576	1.402174	0.266918	618.358704
7701.915483	1.908307	0.266918	2349.193115
7701.916377	1.872792	0.266918	4023.468994
7701.917336	1.814919	0.266918	5763.976562
7701.918254	1.757010	0.266918	7376.912109
7701.919155	1.256140	0.266918	8508.694336
7701.920087	0.121688	0.266918	8622.107422
7701.920997	0.096984	0.266918	8710.362305
7701.921895	0.096991	0.266918	8797.459961
7701.922787	0.096958	0.266918	8883.946289
7701.923722	0.097068	0.266918	8974.705078
7701.924635	0.097017	0.266918	9063.281250
7701.925541	0.097072	0.266918	9151.228516
7701.926430	0.096987	0.266918	9237.450195
7701.927377	0.097101	0.266918	9329.404297
7701.928281	0.097057	0.266918	9417.143555
7702.882798	1.407946	0.235530	671.590088
7702.883704	1.908937	0.235530	2401.086914
7702.884643	1.869441	0.235530	4156.492187
7702.885574	1.810507	0.235530	5842.073730
7702.886506	1.752861	0.235530	7475.740234
7702.887406	1.152308	0.235530	8512.817383
7702.888353	0.107329	0.235530	8614.458008
7702.889247	0.096936	0.235530	8701.119141
7702.890132	0.096962	0.235530	8786.930664
7702.891059	0.097075	0.235530	8876.918945
7702.891963	0.096991	0.235530	8964.598633
7702.892880	0.096973	0.235530	9053.522461
7702.893774	0.097009	0.235530	9140.249023
7702.894734	0.097013	0.235530	9233.381836
7702.895629	0.097053	0.235530	9320.244141
7702.896520	0.096984	0.235530	9406.656250
7703.926217	1.400438	0.262447	614.792358
7703.927192	1.908984	0.262447	2476.052246
7703.928100	1.868851	0.262447	4172.969238
7703.929003	1.812620	0.262447	5809.764648
7703.929947	1.754711	0.262447	7466.211426
7703.930860	1.151107	0.262447	8517.171875
7703.931754	0.111405	0.262447	8616.767578
7703.932642	0.096969	0.262447	8702.875977
7703.933575	0.097115	0.262447	8793.484375
7703.934481	0.097020	0.262447	8881.384766
7703.935386	0.097024	0.262447	8969.191406
7703.936275	0.097057	0.262447	9055.474609
7703.937225	0.097075	0.262447	9147.696289
7703.938135	0.096969	0.262447	9235.938477
7703.939031	0.097061	0.262447	9322.904297
7703.939964	0.097068	0.262447	9413.468750
7704.901076	1.415614	0.234112	629.948242
7704.901982	1.908812	0.234112	2359.332031
7704.902876	1.871924	0.234112	4032.832031
7704.903835	1.814161	0.234112	5772.612793
7704.904753	1.756575	0.234112	7385.148437
7704.905656	1.238672	0.234112	8503.668945
7704.906585	0.119264	0.234112	8614.464844
7704.907494	0.097046	0.234112	8702.679687
7704.908395	0.096995	0.234112	8790.072266
7704.909282	0.097017	0.234112	8876.125977
7704.910228	0.097148	0.234112	8968.028320
7704.911139	0.097079	0.234112	9056.466797
7704.912048	0.096987	0.234112	9144.627930
7704.912939	0.097009	0.234112	9231.063477
7704.913882	0.097039	0.234112	9322.571289
7704.914786	0.097024	0.234112	9410.281250
7705.938380	1.393235	0.262362	614.416565
7705.939276	1.907824	0.262362	2323.826416
7705.940251	1.869844	0.262362	4146.923828
7705.941170	1.813026	0.262362	5813.094727
7705.942064	1.756183	0.262362	7383.122070
7705.943015	1.161493	0.262362	8487.702148
7705.943925	0.111105	0.262362	8588.807617
7705.944832	0.096903	0.262362	8676.698242
7705.945732	0.097068	0.262362	8764.059570
7705.946667	0.097097	0.262362	8854.845703
7705.947572	0.097123	0.262362	8942.742187
7705.948478	0.097024	0.262362	9030.645508
7705.949365	0.097090	0.262362	9116.764648
7705.950311	0.096973	0.262362	9208.500977
7705.951223	0.096995	0.262362	9296.959961
7705.952114	0.097042	0.262362	9383.424805
7706.920931	1.434214	0.230595	654.001526
7706.921838	1.908296	0.230595	2384.825684
7706.922769	1.870331	0.230595	4126.103516
7706.923680	1.813381	0.230595	5778.093750
7706.924632	1.754308	0.230595	7448.194824
7706.925544	1.167660	0.230595	8513.100586
7706.926435	0.113306	0.230595	8614.055664
7706.927375	0.096954	0.230595	8705.192383
7706.928279	0.096951	0.230595	8792.835937
7706.929205	0.097002	0.230595	8882.660156
7706.930091	0.096947	0.230595	8968.555664
7706.931040	0.097050	0.230595	9060.655273
7706.931944	0.097006	0.230595	9148.348633
7706.932835	0.096995	0.230595	9234.770508
7706.933757	0.097057	0.230595	9324.256836
7706.934680	0.096936	0.230595	9413.728516
7707.951058	1.405353	0.266225	626.787354
7707.951958	1.908849	0.266225	2344.751465
7707.952899	1.871854	0.266225	4106.166016
7707.953810	1.814919	0.266225	5759.557617
7707.954714	1.757926	0.266225	7348.722656
7707.955621	1.275070	0.266225	8505.210937
7707.956573	0.115829	0.266225	8615.480469
7707.957468	0.096859	0.266225	8702.168945
7707.958370	0.096954	0.266225	8789.622070
7707.959259	0.096987	0.266225	8875.843750
7707.960211	0.097006	0.266225	8968.193359
7707.961120	0.096991	0.266225	9056.358398
7707.962015	0.097024	0.266225	9143.194336
7707.962955	0.097086	0.266225	9234.455078
7707.963855	0.097086	0.266225	9321.833008
7707.964750	0.096969	0.266225	9408.620117
7708.939210	1.406873	0.231622	619.023987
7708.940187	1.909025	0.231622	2484.141113
7708.941101	1.868445	0.231622	4191.899414
7708.941998	1.812704	0.231622	5817.894531
7708.942947	1.753967	0.231622	7482.409180
7708.943873	1.116943	0.231622	8516.699219
7708.944775	0.108750	0.231622	8614.791992
7708.945662	0.096881	0.231622	8700.725586
7708.946600	0.097086	0.231622	8791.791992
7708.947514	0.097061	0.231622	8880.504883
7708.948419	0.097072	0.231622	8968.354492
7708.949354	0.097039	0.231622	9059.085937
7708.950267	0.097064	0.231622	9147.705078
7708.951169	0.096987	0.231622	9235.187500
7708.952071	0.097064	0.231622	9322.739258
7708.953004	0.097101	0.231622	9413.333984
7709.962697	1.397413	0.277646	612.067078
7709.963683	1.908951	0.277646	2494.293213
7709.964592	1.868295	0.277646	4192.573242
7709.965490	1.812495	0.277646	5820.193848
7709.966431	1.754502	0.277646	7471.180176
7709.967361	1.122946	0.277646	8515.519531
7709.968253	0.109706	0.277646	8613.376953
7709.969140	0.096925	0.277646	8699.349609
7709.970078	0.096987	0.277646	8790.323242
7709.970984	0.096940	0.277646	8878.150391
7709.971886	0.096995	0.277646	8965.639648
7709.972777	0.097031	0.277646	9052.094727
7709.973730	0.097181	0.277646	9144.708984
7709.974633	0.096998	0.277646	9232.298828
7709.975521	0.096991	0.277646	9318.426758
7709.976455	0.097057	0.277646	9409.078125
7710.953439	1.408308	0.245177	626.697144
7710.954342	1.908376	0.245177	2349.960937
7710.955232	1.873422	0.245177	4017.306152
7710.956182	1.815227	0.245177	5741.771973
7710.957100	1.757022	0.245177	7354.717773
7710.958018	1.246018	0.245177	8498.562500
7710.958905	0.121575	0.245177	8606.399414
7710.959859	0.097050	0.245177	8698.984375
7710.960759	0.096976	0.245177	8786.262695
7710.961658	0.097057	0.245177	8873.516602
7710.962583	0.097057	0.245177	8963.293945
7710.963487	0.097046	0.245177	9051.023437
7710.964385	0.097002	0.245177	9138.130859
7710.965269	0.097009	0.245177	9223.886719
7710.966208	0.097017	0.245177	9314.985352
7710.967121	0.097057	0.245177	9403.598633
7711.976924	1.416801	0.273638	636.143494
7711.977827	1.908750	0.273638	2359.744629
7711.978718	1.872470	0.273638	4028.114990
7711.979677	1.814850	0.273638	5768.556152
7711.980586	1.756890	0.273638	7365.568848
7711.981497	1.241894	0.273638	8496.934570
7711.982439	0.119784	0.273638	8609.771484
7711.983347	0.097028	0.273638	8697.872070
7711.984245	0.096973	0.273638	8784.953125
7711.985157	0.097039	0.273638	8873.452148
7711.986073	0.097002	0.273638	8962.305664
7711.986960	0.097061	0.273638	9048.398437
7711.987905	0.096991	0.273638	9140.054687
7711.988823	0.096998	0.273638	9229.098633
7711.989709	0.097046	0.273638	9315.081055
7711.990652	0.097006	0.273638	9406.557617
7712.967639	1.398058	0.244956	623.533813
7712.968536	1.908790	0.244956	2335.718750
7712.969490	1.871382	0.244956	4121.017090
7712.970414	1.813502	0.244956	5796.693359
7712.971327	1.756102	0.244956	7400.014648
7712.972230	1.226481	0.244956	8507.526367
7712.973177	0.111061	0.244956	8612.701172
7712.974088	0.096910	0.244956	8700.986328
7712.974981	0.096998	0.244956	8787.605469
7712.975869	0.097068	0.244956	8873.801758
7712.976798	0.097046	0.244956	8963.957031
7712.977701	0.097006	0.244956	9051.552734
7712.978587	0.096932	0.244956	9137.434570
7712.979529	0.097068	0.244956	9228.872070
7712.980434	0.097009	0.244956	9316.665039
7712.981332	0.097104	0.244956	9403.865234
7713.990625	1.430032	0.276618	653.524475
7713.991524	1.908798	0.276618	2369.533447
7713.992482	1.869906	0.276618	4160.903320
7713.993398	1.812953	0.276618	5821.568359
7713.994304	1.755989	0.276618	7412.494141
7713.995199	1.214095	0.276618	8499.109375
7713.996132	0.112592	0.276618	8604.157227
7713.997036	0.097013	0.276618	8691.856445
7713.997934	0.097035	0.276618	8778.994141
7713.998869	0.097094	0.276618	8869.776367
7713.999772	0.097079	0.276618	8957.438477
7714.000676	0.096984	0.276618	9045.111328
7714.001576	0.097017	0.276618	9132.425781
7714.002518	0.097013	0.276618	9223.811523
7714.003420	0.097104	0.276618	9311.399414
7714.004320	0.097053	0.276618	9398.747070
7714.980812	1.388577	0.249939	608.196533
7714.981708	1.907948	0.249939	2317.717773
7714.982678	1.870455	0.249939	4132.059570
7714.983592	1.813791	0.249939	5789.864746
7714.984490	1.757344	0.249939	7367.959473
7714.985435	1.177006	0.249939	8480.229492
7714.986338	0.113137	0.249939	8582.392578
7714.987248	0.096870	0.249939	8670.543945
7714.988146	0.097104	0.249939	8757.744141
7714.989072	0.097061	0.249939	8847.622070
7714.989976	0.097028	0.249939	8935.334961
7714.990877	0.097002	0.249939	9022.733398
7714.991804	0.097042	0.249939	9112.691406
7714.992694	0.097031	0.249939	9199.048828
7714.993649	0.097072	0.249939	9291.751953
7714.994564	0.097031	0.249939	9380.535156
7716.004811	1.388829	0.275092	606.918396
7716.005765	1.908838	0.275092	2427.949707
7716.006670	1.870419	0.275092	4120.678711
7716.007576	1.814268	0.275092	5764.405273
7716.008473	1.757106	0.275092	7340.529297
7716.009447	1.173010	0.275092	8483.041016
7716.010356	0.111852	0.275092	8584.713867
7716.011254	0.096965	0.275092	8671.789062
7716.012182	0.097017	0.275092	8761.820312
7716.013089	0.097028	0.275092	8849.824219
7716.013983	0.096910	0.275092	8936.461914
7716.014869	0.097053	0.275092	9022.451172
7716.015818	0.097148	0.275092	9114.645508
7716.016717	0.097020	0.275092	9201.867187
7716.017626	0.097068	0.275092	9290.101562
7716.018530	0.097009	0.275092	9377.797852
7716.994001	1.390532	0.246418	614.615234
7716.994892	1.908105	0.246418	2314.737305
7716.995840	1.871151	0.246418	4088.588379
7716.996763	1.814425	0.246418	5763.302734
7716.997670	1.757076	0.246418	7356.971191
7716.998624	1.193884	0.246418	8495.936523
7716.999528	0.113375	0.246418	8598.427734
7717.000431	0.096940	0.246418	8685.963867
7717.001322	0.097053	0.246418	8772.438477
7717.002278	0.097075	0.246418	8865.242187
7717.003173	0.096998	0.246418	8952.055664
7717.004073	0.097079	0.246418	9039.426758
7717.004960	0.097068	0.246418	9125.526367
7717.005899	0.097086	0.246418	9216.690430
7717.006808	0.097068	0.246418	9304.924805
7717.007707	0.097112	0.246418	9392.228516
7718.019588	1.466543	0.273267	728.871826
7718.020500	1.908504	0.273267	2469.427979
7718.021435	1.868174	0.273267	4216.170410
7718.022332	1.811913	0.273267	5841.456055
7718.023273	1.752949	0.273267	7490.981445
7718.024184	1.130801	0.273267	8521.140625
7718.025073	0.110057	0.273267	8618.981445
7718.026015	0.097046	0.273267	8710.398437
7718.026935	0.097006	0.273267	8799.643555
7718.027844	0.096995	0.273267	8887.811523
7718.028733	0.096969	0.273267	8974.016602
7718.029686	0.097035	0.273267	9066.491211
7718.030593	0.097057	0.273267	9154.521484
7718.031511	0.097075	0.273267	9243.636719
7718.032401	0.097123	0.273267	9330.076172
7718.033349	0.097053	0.273267	9422.083008
7719.008202	1.412585	0.249411	622.950134
7719.009178	1.909270	0.249411	2486.397705
7719.010096	1.868335	0.249411	4201.529297
7719.010998	1.812122	0.249411	5836.062988
7719.011933	1.754176	0.249411	7476.217773
7719.012847	1.143889	0.249411	8521.732422
7719.013745	0.110966	0.249411	8621.379883
7719.014631	0.096940	0.249411	8707.268555
7719.015578	0.097017	0.249411	8799.143555
7719.016482	0.096998	0.249411	8886.830078
7719.017373	0.097002	0.249411	8973.258789
7719.018292	0.096984	0.249411	9062.386719
7719.019216	0.097035	0.249411	9152.046875
7719.020125	0.097024	0.249411	9240.241211
7719.021021	0.097039	0.249411	9327.187500
7719.021944	0.097104	0.249411	9416.815430
7720.034767	1.414124	0.268328	625.042603
7720.035718	1.908959	0.268328	2440.462402
7720.036635	1.869357	0.268328	4154.662598
7720.037539	1.813385	0.268328	5793.962891
7720.038469	1.755450	0.268328	7426.531738
7720.039390	1.185604	0.268328	8518.473633
7720.040286	0.113862	0.268328	8620.494141
7720.041178	0.096910	0.268328	8706.938477
7720.042124	0.097050	0.268328	8798.747070
7720.043033	0.097101	0.268328	8887.011719
7720.043923	0.097013	0.268328	8973.353516
7720.044841	0.097083	0.268328	9062.475586
7720.045763	0.097053	0.268328	9151.958984
7720.046678	0.097075	0.268328	9240.783203
7720.047573	0.097006	0.268328	9327.603516
7720.048491	0.097028	0.268328	9416.674805
7721.023443	1.397424	0.243373	620.456421
7721.024336	1.908417	0.243373	2324.672607
7721.025306	1.870320	0.243373	4138.882812
7721.026219	1.813605	0.243373	5794.704102
7721.027118	1.757029	0.243373	7374.272949
7721.028023	1.206965	0.243373	8466.576172
7721.028958	0.114071	0.243373	8573.232422
7721.029869	0.096969	0.243373	8661.571289
7721.030766	0.097068	0.243373	8748.641602
7721.031694	0.097035	0.243373	8838.690430
7721.032604	0.097009	0.243373	8926.968750
7721.033511	0.096987	0.243373	9014.936523
7721.034430	0.097050	0.243373	9104.125000
7721.035321	0.097050	0.243373	9190.595703
7721.036265	0.096991	0.243373	9282.155273
7721.037177	0.097020	0.243373	9370.637695
7722.049994	1.389558	0.261641	607.236877
7722.050886	1.908223	0.261641	2309.371338
7722.051854	1.870558	0.261641	4120.071289
7722.052758	1.814586	0.261641	5760.457031
7722.053660	1.757992	0.261641	7346.166016
7722.054560	1.223240	0.261641	8447.082031
7722.055514	0.115430	0.261641	8557.202148
7722.056412	0.096866	0.261641	8644.188477
7722.057309	0.097072	0.261641	8731.261719
7722.058234	0.097072	0.261641	8821.052734
7722.059140	0.097115	0.261641	8909.039062
7722.060047	0.097017	0.261641	8997.033203
7722.060937	0.097039	0.261641	9083.397461
7722.061891	0.097035	0.261641	9175.968750
7722.062789	0.097123	0.261641	9263.184570
7722.063690	0.097108	0.261641	9350.678711
7723.039180	1.395454	0.239784	608.417969
7723.040082	1.908768	0.239784	2330.126953
7723.040974	1.873227	0.239784	4001.045898
7723.041942	1.815044	0.239784	5758.008301
7723.042856	1.757450	0.239784	7364.317383
7723.043764	1.257382	0.239784	8506.019531
7723.044705	0.122296	0.239784	8621.100586
7723.045599	0.097101	0.239784	8707.909180
7723.046498	0.097061	0.239784	8795.166992
7723.047390	0.097090	0.239784	8881.771484
7723.048333	0.097152	0.239784	8973.385742
7723.049240	0.097068	0.239784	9061.426758
7723.050147	0.097119	0.239784	9149.513672
7723.051035	0.097101	0.239784	9235.739258
7723.051976	0.097090	0.239784	9327.100586
7723.052890	0.097097	0.239784	9415.847656
7724.063681	1.384794	0.271096	598.230896
7724.064641	1.907245	0.271096	2429.185791
7724.065568	1.869364	0.271096	4162.085937
7724.066479	1.813063	0.271096	5813.786133
7724.067375	1.756318	0.271096	7387.447266
7724.068328	1.159526	0.271096	8492.475586
7724.069226	0.111932	0.271096	8592.991211
7724.070123	0.096936	0.271096	8679.942383
7724.071009	0.097024	0.271096	8765.905273
7724.071926	0.097126	0.271096	8854.970703
7724.072834	0.097028	0.271096	8943.071289
7724.073733	0.097031	0.271096	9030.302734
7724.074667	0.097057	0.271096	9120.954102
7724.075575	0.097145	0.271096	9209.161133
7724.076481	0.097020	0.271096	9297.061523
7724.077373	0.097101	0.271096	9383.675781
7725.054923	1.395231	0.237366	613.901550
7725.055890	1.908794	0.237366	2459.705322
7725.056809	1.868811	0.237366	4177.142578
7725.057706	1.813326	0.237366	5803.696289
7725.058647	1.755150	0.237366	7455.292480
7725.059583	1.129281	0.237366	8512.299805
7725.060487	0.109358	0.237366	8611.159180
7725.061373	0.096951	0.237366	8697.057617
7725.062330	0.097170	0.237366	8790.049805
7725.063234	0.097083	0.237366	8877.812500
7725.064123	0.097130	0.237366	8964.161133
7725.065062	0.097145	0.237366	9055.379883
7725.065967	0.097075	0.237366	9143.233398
7725.066873	0.097061	0.237366	9231.169922
7725.067763	0.097013	0.237366	9317.511719
7725.068704	0.097079	0.237366	9408.863281
7726.077383	1.394341	0.270709	606.538208
7726.078344	1.909211	0.270709	2441.290283
7726.079270	1.869228	0.270709	4172.195801
7726.080173	1.813114	0.270709	5809.437500
7726.081113	1.754978	0.270709	7459.116699
7726.082045	1.132797	0.270709	8514.882812
7726.082945	0.109219	0.270709	8613.179687
7726.083836	0.096984	0.270709	8699.591797
7726.084785	0.097167	0.270709	8791.802734
7726.085686	0.097101	0.270709	8879.291016
7726.086585	0.097112	0.270709	8966.594727
7726.087471	0.097108	0.270709	9052.632812
7726.088413	0.097053	0.270709	9144.056641
7726.089321	0.097024	0.270709	9232.154297
7726.090214	0.097101	0.270709	9318.865234
7726.091143	0.097097	0.270709	9409.068359
7727.070149	1.391294	0.235803	602.430237
7727.071103	1.908069	0.235803	2422.728027
7727.072019	1.870203	0.235803	4135.833496
7727.072927	1.814242	0.235803	5783.165039
7727.073821	1.757175	0.235803	7354.080078
7727.074786	1.176665	0.235803	8489.561523
7727.075695	0.112544	0.235803	8591.864258
7727.076592	0.096918	0.235803	8678.799805
7727.077517	0.097006	0.235803	8768.530273
7727.078432	0.097126	0.235803	8857.401367
7727.079339	0.097020	0.235803	8945.398437
7727.080233	0.097028	0.235803	9032.140625
7727.081157	0.097053	0.235803	9121.817383
7727.082060	0.097101	0.235803	9209.499023
7727.082959	0.097017	0.235803	9296.716797
7727.083845	0.097057	0.235803	9382.708984
7728.092112	1.406547	0.274411	624.506714
7728.093011	1.908996	0.274411	2340.693848
7728.093907	1.872510	0.274411	4018.462646
7728.094871	1.814612	0.274411	5767.748535
7728.095791	1.756915	0.274411	7384.110352
7728.096700	1.236372	0.274411	8507.972656
7728.097629	0.118729	0.274411	8618.272461
7728.098536	0.097090	0.274411	8706.333008
7728.099442	0.097211	0.274411	8794.406250
7728.100334	0.097207	0.274411	8881.115234
7728.101289	0.097233	0.274411	8973.972656
7728.102195	0.097200	0.274411	9062.035156
7728.103089	0.097192	0.274411	9148.924805
7728.103995	0.097207	0.274411	9236.994141
7728.104924	0.097273	0.274411	9327.360352
7728.105833	0.097123	0.274411	9415.644531
7729.086443	1.414215	0.231139	664.681091
7729.087352	1.909087	0.231139	2400.041016
7729.088308	1.869562	0.231139	4187.341797
7729.089218	1.811561	0.231139	5835.862305
7729.090147	1.753674	0.231139	7465.025879
7729.091056	1.146683	0.231139	8507.361328
7729.091994	0.106919	0.231139	8607.651367
7729.092903	0.097072	0.231139	8695.889648
7729.093819	0.097159	0.231139	8784.887695
7729.094706	0.097126	0.231139	8871.039062
7729.095642	0.097097	0.231139	8961.921875
7729.096541	0.097097	0.231139	9049.211914
7729.097430	0.097185	0.231139	9135.609375
7729.098360	0.097167	0.231139	9225.974609
7729.099252	0.097196	0.231139	9312.673828
7729.100171	0.097145	0.231139	9401.950195
7730.107915	1.453253	0.277211	732.439575
7730.108834	1.909391	0.277211	2487.169678
7730.109739	1.869221	0.277211	4178.814941
7730.110636	1.813052	0.277211	5805.122070
7730.111594	1.753854	0.277211	7485.313965
7730.112503	1.139729	0.277211	8521.328125
7730.113394	0.110577	0.277211	8619.852539
7730.114315	0.097053	0.277211	8709.238281
7730.115245	0.097233	0.277211	8799.665039
7730.116152	0.097097	0.277211	8887.732422
7730.117043	0.097192	0.277211	8974.331055
7730.117992	0.097130	0.277211	9066.507812
7730.118900	0.097214	0.277211	9154.778320
7730.119797	0.097108	0.277211	9241.884766
7730.120679	0.097174	0.277211	9327.592773
7730.121619	0.097167	0.277211	9418.929687
7731.101648	1.400266	0.229173	616.117126
7731.102550	1.909208	0.229173	2338.222412
7731.103441	1.873707	0.229173	4007.695557
7731.104407	1.815176	0.229173	5761.155273
7731.105324	1.757534	0.229173	7372.813965
7731.106237	1.242949	0.229173	8507.626953
7731.107165	0.120546	0.229173	8619.493164
7731.108069	0.097148	0.229173	8707.315430
7731.108981	0.097196	0.229173	8795.958008
7731.109869	0.097247	0.229173	8882.313477
7731.110814	0.097170	0.229173	8974.139648
7731.111714	0.097244	0.229173	9061.659180
7731.112622	0.097192	0.229173	9149.910156
7731.113513	0.097200	0.229173	9236.514648
7731.114461	0.097255	0.229173	9328.711914
7731.115367	0.097189	0.229173	9416.764648
7732.124630	1.417760	0.280751	635.156494
7732.125547	1.909010	0.280751	2385.718750
7732.126451	1.872206	0.280751	4078.192871
7732.127404	1.814026	0.280751	5806.959473
7732.128315	1.756307	0.280751	7406.955566
7732.129227	1.217541	0.280751	8517.353516
7732.130112	0.118711	0.280751	8622.413086
7732.131055	0.097126	0.280751	8714.002930
7732.131968	0.097068	0.280751	8802.625977
7732.132861	0.097141	0.280751	8889.373047
7732.133792	0.097207	0.280751	8979.873047
7732.134701	0.097214	0.280751	9068.241211
7732.135604	0.097115	0.280751	9155.936523
7732.136494	0.097167	0.280751	9242.415039
7732.137444	0.097258	0.280751	9334.810547
7732.138344	0.097196	0.280751	9422.287109
7733.117429	1.450594	0.225173	683.229980
7733.118349	1.909438	0.225173	2439.913574
7733.119250	1.870898	0.225173	4125.592773
7733.120171	1.814202	0.225173	5796.472656
7733.121108	1.755070	0.225173	7440.972656
7733.122035	1.163635	0.225173	8519.662109
7733.122929	0.112156	0.225173	8619.929687
7733.123867	0.097090	0.225173	8711.000000
7733.124773	0.097170	0.225173	8799.036133
7733.125673	0.097181	0.225173	8886.499023
7733.126559	0.097167	0.225173	8972.588867
7733.127491	0.097247	0.225173	9063.223633
7733.128396	0.097148	0.225173	9151.142578
7733.129284	0.097185	0.225173	9237.443359
7733.130196	0.097145	0.225173	9326.039062
7733.131122	0.097233	0.225173	9416.076172
7734.142928	1.397736	0.283664	617.799133
7734.143896	1.909222	0.283664	2465.926270
7734.144802	1.869547	0.283664	4159.735840
7734.145710	1.813509	0.283664	5806.402344
7734.146599	1.756520	0.283664	7367.948242
7734.147554	1.174625	0.283664	8489.714844
7734.148464	0.112310	0.283664	8591.916992
7734.149365	0.097024	0.283664	8679.335937
7734.150289	0.097251	0.283664	8769.196289
7734.151201	0.097200	0.283664	8857.842773
7734.152114	0.097145	0.283664	8946.536133
7734.153012	0.097203	0.283664	9033.825195
7734.153952	0.097255	0.283664	9125.244141
7734.154855	0.097251	0.283664	9213.061523
7734.155760	0.097112	0.283664	9300.947266
7734.156647	0.097163	0.283664	9387.130859
7735.132117	1.396791	0.221668	622.968689
7735.133012	1.908376	0.221668	2330.965576
7735.133992	1.869818	0.221668	4163.387207
7735.134909	1.813059	0.221668	5825.962402
7735.135805	1.756194	0.221668	7399.512207
7735.136731	1.187955	0.221668	8499.558594
7735.137626	0.115111	0.221668	8602.583008
7735.138578	0.097094	0.221668	8695.015625
7735.139485	0.097134	0.221668	8783.116211
7735.140406	0.097163	0.221668	8872.603516
7735.141296	0.097083	0.221668	8959.006836
7735.142244	0.097156	0.221668	9051.110352
7735.143162	0.097152	0.221668	9140.295898
7735.144049	0.097174	0.221668	9226.489258
7735.144994	0.097145	0.221668	9318.291016
7735.145887	0.097108	0.221668	9405.008789
7736.162266	1.406411	0.274254	635.697876
7736.163156	1.908951	0.274254	2334.664551
7736.164107	1.871045	0.274254	4114.028320
7736.165023	1.814246	0.274254	5775.877441
7736.165930	1.757541	0.274254	7369.967773
7736.166831	1.228466	0.274254	8476.815430
7736.167775	0.113752	0.274254	8584.197266
7736.168685	0.096995	0.274254	8672.461914
7736.169574	0.097170	0.274254	8758.846680
7736.170501	0.097163	0.274254	8848.916992
7736.171412	0.097148	0.274254	8937.418945
7736.172304	0.097104	0.274254	9024.036133
7736.173190	0.097123	0.274254	9110.086914
7736.174125	0.097218	0.274254	9200.985352
7736.175033	0.097163	0.274254	9289.208984
7736.175934	0.097225	0.274254	9376.808594
7737.143780	1.440688	0.220605	659.835327
7737.144699	1.909230	0.220605	2414.417480
7737.145600	1.871587	0.220605	4100.717285
7737.146529	1.815011	0.220605	5786.862305
7737.147441	1.757322	0.220605	7389.540039
7737.148371	1.207529	0.220605	8512.541992
7737.149258	0.117173	0.220605	8616.474609
7737.150191	0.097145	0.220605	8707.110352
7737.151098	0.097225	0.220605	8795.293945
7737.152004	0.097148	0.220605	8883.310547
7737.152892	0.097115	0.220605	8969.548828
7737.153845	0.097266	0.220605	9062.243164
7737.154751	0.097189	0.220605	9150.295898
7737.155643	0.097211	0.220605	9237.007812
7737.156574	0.097185	0.220605	9327.487305
7737.157473	0.097247	0.220605	9414.913086
7738.181084	1.418372	0.265508	642.522339
7738.181990	1.908948	0.265508	2372.029053
7738.182883	1.872059	0.265508	4043.777832
7738.183826	1.815037	0.265508	5755.357422
7738.184744	1.757406	0.265508	7368.656250
7738.185651	1.252430	0.265508	8504.610352
7738.186583	0.121219	0.265508	8617.586914
7738.187487	0.097108	0.265508	8705.373047
7738.188394	0.097148	0.265508	8793.486328
7738.189281	0.097123	0.265508	8879.633789
7738.190227	0.097225	0.265508	8971.609375
7738.191135	0.097167	0.265508	9059.836914
7738.192036	0.097137	0.265508	9147.357422
7738.192925	0.097236	0.265508	9233.800781
7738.193858	0.097317	0.265508	9324.597656
7738.194774	0.097156	0.265508	9413.592773
