time (s)	theta (A)	maj axis/z0	min axis/z0	crossing#mod 255
6874.611565	87.250061	0.691758	-0.182571	247
6876.628248	87.114960	0.692852	-0.181453	249
6878.645302	87.152771	0.693873	-0.179728	251
6880.660992	87.472244	0.696643	-0.178559	253
6882.675669	87.729164	0.698131	-0.177428	255
6884.689228	87.318893	0.697874	-0.176098	1
6886.703091	86.452835	0.698788	-0.175592	3
6888.716406	85.469742	0.696946	-0.174473	5
6890.728785	85.043335	0.695784	-0.173298	7
6892.741588	85.005966	0.695600	-0.172355	9
6894.757391	85.323669	0.696812	-0.170596	11
6896.774593	85.633904	0.696955	-0.169050	13
6898.793372	85.717247	0.697557	-0.167536	15
6900.811518	85.565491	0.698856	-0.166113	17
6902.829387	85.334785	0.698380	-0.164771	19
6904.845383	85.160583	0.700076	-0.163385	21
6906.854699	85.235542	0.700612	-0.162080	23
6908.874312	85.112022	0.705156	-0.160970	25
6910.887230	85.245491	0.705580	-0.159945	27
6912.899596	85.137733	0.706059	-0.158653	29
6914.913218	84.862679	0.706161	-0.157373	31
6916.927055	84.646469	0.707129	-0.155939	33
6918.941376	84.406891	0.707756	-0.154805	35
6920.955465	84.308395	0.707698	-0.153336	37
6922.970610	84.103981	0.707920	-0.151775	39
6924.986538	83.872208	0.707452	-0.150512	41
6927.003806	83.834106	0.707325	-0.149300	43
6929.021355	83.933617	0.708153	-0.148092	45
6931.038870	84.397980	0.709914	-0.146765	47
6933.054457	84.983047	0.711817	-0.145729	49
6935.069961	85.345757	0.713096	-0.144945	51
6937.085305	85.358490	0.714132	-0.143867	53
6939.101024	85.042130	0.715070	-0.142701	55
6941.116514	84.678139	0.715115	-0.141307	57
6943.132714	84.328087	0.715432	-0.139915	59
6945.148185	83.963684	0.714711	-0.138277	61
6947.164110	83.729485	0.714598	-0.136763	63
6949.180037	83.509735	0.715139	-0.135601	65
6951.196055	83.385994	0.715572	-0.133981	67
6953.210957	83.324516	0.716616	-0.132684	69
6955.225619	83.300217	0.717146	-0.131528	71
6957.239113	83.226479	0.717945	-0.130271	73
6959.252295	82.949890	0.718039	-0.129076	75
6961.264363	82.637062	0.717225	-0.127404	77
6963.277404	82.197876	0.715918	-0.126446	79
6965.290642	81.943245	0.715967	-0.124951	81
6967.304577	81.787857	0.714998	-0.123774	83
6969.319807	81.785828	0.715483	-0.122460	85
6971.335434	81.854515	0.716428	-0.121823	87
6973.351259	81.855072	0.716595	-0.119772	89
6975.367996	81.871773	0.717421	-0.119097	91
6977.384186	81.824638	0.718779	-0.117022	93
6979.400838	81.657639	0.719772	-0.116221	95
6981.415692	81.618393	0.720359	-0.114915	97
6983.430719	81.527069	0.720742	-0.113422	99
6985.444751	81.427483	0.722359	-0.112724	101
6987.459206	81.282425	0.722116	-0.110955	103
6989.472455	81.202080	0.722121	-0.110120	105
6991.486715	81.104752	0.723729	-0.108871	107
6993.501445	80.967873	0.723952	-0.107355	109
6995.516652	80.752716	0.723261	-0.106289	111
6997.532660	80.593689	0.723009	-0.104462	113
6999.549013	80.504410	0.722068	-0.103278	115
7001.565873	80.530533	0.721719	-0.102146	117
7003.582837	80.658096	0.722922	-0.100545	119
7005.599171	80.908905	0.724753	-0.099547	121
7007.615509	81.229477	0.726429	-0.098616	123
7009.630962	81.485840	0.730461	-0.097526	125
7011.646639	81.519089	0.730301	-0.096363	127
7013.661607	81.410973	0.730170	-0.094967	129
7015.677308	81.286674	0.731027	-0.093988	131
7017.692601	81.129021	0.732094	-0.092689	133
7019.708196	80.965523	0.732180	-0.091317	135
7021.723671	80.867569	0.731864	-0.090358	137
7023.738508	80.727982	0.732352	-0.089128	139
7025.753332	80.667435	0.732925	-0.088090	141
7027.767784	80.559166	0.732904	-0.086980	143
7029.781397	80.439049	0.734421	-0.086080	145
7031.794812	80.232399	0.733821	-0.084573	147
7033.807898	79.953995	0.733248	-0.083048	149
7035.821048	79.719650	0.730658	-0.081851	151
7037.834620	79.569427	0.730219	-0.081035	153
7039.848577	79.454361	0.730438	-0.080262	155
7041.863011	79.441658	0.729573	-0.078683	157
7043.878326	79.455933	0.729525	-0.077671	159
7045.893841	79.436745	0.729899	-0.076571	161
7047.909782	79.486862	0.730984	-0.075869	163
7049.925351	79.452477	0.731243	-0.074351	165
7051.940713	79.369247	0.731974	-0.073301	167
7053.955784	79.387688	0.733117	-0.072345	169
7055.970536	79.327568	0.733492	-0.071288	171
7057.985206	79.260178	0.733659	-0.070206	173
7059.999500	79.200722	0.734319	-0.069132	175
7062.013573	79.120522	0.736473	-0.067923	177
7064.028368	79.024559	0.735654	-0.066901	179
7066.043540	78.937943	0.736778	-0.065782	181
7068.059024	78.835358	0.735914	-0.064333	183
7070.074840	78.772224	0.734346	-0.063099	185
7072.090919	78.769417	0.734578	-0.061691	187
7074.107355	78.781433	0.733979	-0.060411	189
7076.124076	78.938377	0.734866	-0.059123	191
7078.140410	79.086830	0.735779	-0.058315	193
7080.156312	79.260933	0.737721	-0.057113	195
7082.172423	79.333618	0.738388	-0.056142	197
7084.188078	79.381683	0.739786	-0.055234	199
7086.203143	79.335373	0.740299	-0.054092	201
7088.218110	79.265106	0.741592	-0.053298	203
7090.233169	79.234077	0.741355	-0.052425	205
7092.248531	79.158142	0.742282	-0.051411	207
7094.263523	79.052330	0.741937	-0.050313	209
7096.278225	79.008926	0.742281	-0.049045	211
7098.292519	78.933960	0.741137	-0.047954	213
7100.307122	78.820259	0.740934	-0.046670	215
7102.321002	78.765465	0.742376	-0.045960	217
7104.334565	78.690857	0.741581	-0.044812	219
7106.347920	78.634720	0.740755	-0.043733	221
7108.361646	78.534981	0.739627	-0.042753	223
7110.375504	78.514626	0.738891	-0.041603	225
7112.390085	78.498886	0.739223	-0.040801	227
7114.404847	78.544243	0.740172	-0.040057	229
7116.419685	78.549896	0.738937	-0.038689	231
7118.434777	78.527267	0.738884	-0.037449	233
7120.450198	78.505341	0.740312	-0.036528	235
7122.465236	78.494560	0.740597	-0.035617	237
7124.480391	78.449509	0.742454	-0.034695	239
7126.494892	78.473145	0.745046	-0.033791	241
7128.509683	78.460777	0.745490	-0.032794	243
7130.524181	78.373726	0.745134	-0.031494	245
7132.539100	78.324387	0.745090	-0.030319	247
7134.553753	78.276901	0.743661	-0.029420	249
7136.568714	78.226799	0.743414	-0.028417	251
7138.583873	78.152992	0.743023	-0.027441	253
7140.599709	78.131874	0.743034	-0.026394	255
7142.615607	78.162079	0.742448	-0.024895	1
7144.632236	78.248398	0.743234	-0.023749	3
7146.648519	78.250854	0.743709	-0.022663	5
7148.665036	78.375130	0.746106	-0.021866	7
7150.681281	78.461563	0.748461	-0.020961	9
7152.697350	78.550781	0.749325	-0.020305	11
7154.712975	78.603073	0.749970	-0.019462	13
7156.728254	78.599510	0.749433	-0.018461	15
7158.743361	78.570023	0.749154	-0.017546	17
7160.758782	78.552071	0.750500	-0.016713	19
7162.773149	78.536888	0.749189	-0.015922	21
7164.787981	78.453766	0.748511	-0.014790	23
7166.802720	78.443207	0.748364	-0.013767	25
7168.817606	78.412216	0.747268	-0.012853	27
7170.831967	78.361061	0.747481	-0.012261	29
7172.846354	78.359589	0.748868	-0.011103	31
7174.859876	78.327690	0.748282	-0.010394	33
