crossing time (s)	slope (V/s)	crossing number
2228.345399	4.559448	1984
2229.368703	4.405164	1985
2230.359653	4.448235	1986
2231.382861	4.197212	1987
2232.373336	3.889533	1988
2233.395375	3.717272	1989
2234.387323	3.557914	1990
2235.405669	3.077525	1991
2236.402503	3.301198	1992
2237.414560	2.983486	1993
2238.418146	3.531348	1994
2239.423730	3.627344	1995
2240.431825	4.031214	1996
2241.435203	4.464397	1997
2242.443714	4.160692	1998
2243.452929	4.060339	1999
2244.453903	3.953591	2000
2245.469725	3.616136	2001
2246.461316	3.667280	2002
2247.487354	3.020485	2003
2248.470523	3.550587	2004
2249.501421	3.139654	2005
2250.485338	3.734243	2006
2251.510980	3.175140	2007
2252.503080	3.592819	2008
2253.519822	2.954696	2009
2254.523093	3.618123	2010
2255.532273	3.207806	2011
2256.540569	3.626173	2012
2257.544316	3.229010	2013
2258.554552	3.565216	2014
2259.556603	3.196966	2015
2260.566629	3.344383	2016
2261.570559	3.088614	2017
2262.577800	3.238455	2018
2263.585175	2.990690	2019
2264.588720	3.055013	2020
2265.597765	3.015412	2021
2266.601242	3.048570	2022
2267.610153	3.120740	2023
2268.615020	3.251618	2024
2269.621806	3.252412	2025
2270.627533	3.312026	2026
2271.633685	3.059599	2027
2272.643876	3.350731	2028
2273.645909	3.347343	2029
2274.658135	3.525434	2030
2275.660052	3.515669	2031
2276.671058	3.622731	2032
2277.675235	3.271118	2033
2278.681728	3.664170	2034
2279.692522	3.272396	2035
2280.691500	3.598637	2036
2281.710933	3.035701	2037
2282.700327	3.575341	2038
2283.727560	3.053717	2039
2284.711218	3.502221	2040
2285.740982	3.190869	2041
2286.725302	3.348537	2042
2287.752499	3.373081	2043
2288.743293	3.538322	2044
2289.762551	3.702511	2045
2290.761033	3.601509	2046
2291.771666	3.556685	2047
2292.778036	3.609458	2048
2293.782211	3.457168	2049
2294.792274	3.658991	2050
2295.794557	3.403979	2051
2296.805652	3.626516	2052
2297.806845	3.440463	2053
2298.817475	3.725705	2054
2299.822626	3.266765	2055
2300.829548	3.821844	2056
2301.835987	3.415825	2057
2302.841851	3.942960	2058
2303.849930	3.500609	2059
2304.854722	3.845451	2060
2305.862964	3.645366	2061
2306.867176	3.855430	2062
2307.875729	3.553443	2063
2308.881451	3.859287	2064
2309.888735	3.506549	2065
2310.895628	3.796766	2066
2311.901333	3.433507	2067
2312.910021	3.709072	2068
2313.913147	3.484522	2069
2314.924178	3.939319	2070
2315.926810	3.520328	2071
2316.937271	3.732928	2072
2317.940321	3.581366	2073
2318.948837	3.465732	2074
2319.955238	3.619809	2075
2320.958710	3.378016	2076
2321.971448	3.580452	2077
2322.968015	3.724639	2078
2323.988543	3.593560	2079
2324.978569	3.722653	2080
2326.004195	3.669782	2081
2326.990668	3.781534	2082
2328.019623	3.813405	2083
2329.004027	3.898956	2084
2330.031967	3.738110	2085
2331.019300	3.716915	2086
2332.042682	3.511568	2087
2333.034789	3.860370	2088
2334.051940	3.469792	2089
2335.050383	3.660471	2090
2336.061903	3.455954	2091
2337.064981	3.922629	2092
2338.072851	3.489473	2093
2339.080434	3.946762	2094
2340.085363	3.667962	2095
2341.094717	4.133541	2096
2342.098389	3.813641	2097
2343.108004	4.090093	2098
2344.111607	3.884527	2099
2345.121925	4.119992	2100
2346.125028	3.852865	2101
2347.134249	4.022242	2102
2348.138635	3.810129	2103
2349.147203	4.116823	2104
2350.152387	3.644076	2105
2351.158950	4.235538	2106
2352.165998	3.868816	2107
2353.170294	4.170695	2108
2354.180650	3.806394	2109
2355.180283	4.220522	2110
2356.195503	3.857551	2111
2357.191000	4.210256	2112
2358.210891	3.850742	2113
2359.201847	4.334496	2114
2360.226328	3.975955	2115
2361.212999	4.156999	2116
2362.240899	3.821174	2117
2363.227003	4.063291	2118
2364.253730	3.907325	2119
2365.240485	4.092002	2120
2366.264589	3.759048	2121
2367.256174	4.070023	2122
2368.274384	3.680215	2123
2369.271511	3.940574	2124
2370.283981	3.838345	2125
2371.286990	3.962218	2126
2372.294824	3.678894	2127
2373.301415	3.916366	2128
2374.306253	3.905251	2129
2375.316511	3.887596	2130
2376.319164	3.824269	2131
2377.330121	3.894399	2132
2378.332966	3.949090	2133
2379.343759	3.870576	2134
2380.346274	3.869864	2135
2381.357020	4.068584	2136
2382.360043	3.990277	2137
2383.370927	4.083140	2138
2384.373379	4.006233	2139
2385.384564	4.175374	2140
2386.387896	4.044195	2141
2387.398326	4.000803	2142
2388.401038	4.088610	2143
2389.411491	4.173831	2144
2390.415348	3.872883	2145
2391.424481	4.054806	2146
2392.429210	3.908138	2147
2393.437742	4.132382	2148
2394.443799	3.782189	2149
2395.448397	3.698136	2150
2396.458567	3.798189	2151
2397.459230	3.663381	2152
2398.474145	3.741773	2153
2399.468757	3.741719	2154
2400.488712	3.817080	2155
2401.479444	3.707991	2156
2402.504522	3.728653	2157
2403.490805	3.978115	2158
2404.518509	3.864601	2159
2405.504117	3.995677	2160
2406.532504	3.771765	2161
2407.518072	4.124579	2162
2408.544621	3.891493	2163
2409.532074	3.811583	2164
2410.556495	3.798335	2165
2411.546707	3.884348	2166
2412.567862	3.713982	2167
2413.561906	3.695874	2168
2414.578506	3.391897	2169
2415.576418	3.844121	2170
2416.590183	3.561210	2171
2417.590192	3.739042	2172
2418.602304	3.666310	2173
2419.604165	3.950789	2174
2420.614849	3.711600	2175
2421.617983	3.952458	2176
2422.627333	3.673421	2177
2423.630833	4.114493	2178
2424.640685	3.672675	2179
2425.642695	3.929528	2180
2426.654215	3.824000	2181
2427.654965	4.087861	2182
2428.668273	3.762465	2183
2429.666012	4.199977	2184
2430.682980	3.788374	2185
2431.677350	3.993961	2186
2432.697852	3.718004	2187
2433.688250	4.135069	2188
2434.712158	3.698446	2189
2435.700068	4.032262	2190
2436.727549	3.598370	2191
2437.712530	4.021378	2192
2438.740854	3.791612	2193
2439.725853	3.945880	2194
2440.754101	3.703467	2195
2441.739657	3.954485	2196
2442.766217	3.834628	2197
2443.754488	3.872566	2198
2444.777151	3.631413	2199
2445.769008	4.034238	2200
2446.788012	3.774792	2201
2447.784110	3.897388	2202
2448.798471	3.756354	2203
2449.798866	4.026989	2204
2450.809840	3.701290	2205
2451.812952	3.831164	2206
2452.821072	3.858968	2207
2453.826805	3.873894	2208
2454.834102	3.882358	2209
2455.840651	3.825674	2210
2456.846300	3.999667	2211
2457.855023	4.024024	2212
2458.859824	3.801473	2213
2459.867642	4.016669	2214
2460.872927	3.986436	2215
2461.881674	4.083465	2216
2462.886896	3.920411	2217
2463.894586	4.091131	2218
2464.900804	3.990280	2219
2465.907298	3.906545	2220
2466.914513	4.004522	2221
2467.919516	3.976169	2222
2468.929209	3.951526	2223
2469.931809	3.882139	2224
2470.943985	3.772020	2225
2471.943170	3.830960	2226
2472.958920	3.689359	2227
2473.953814	3.616480	2228
2474.973239	3.656504	2229
2475.964931	3.942817	2230
2476.988659	3.676852	2231
2477.975667	3.766757	2232
2479.002707	3.692187	2233
2479.988028	3.703943	2234
2481.016722	3.607651	2235
2482.000135	3.873780	2236
2483.030209	3.682654	2237
2484.013824	3.854125	2238
2485.043158	3.679921	2239
2486.027641	3.823925	2240
2487.055386	3.723070	2241
2488.042305	3.731368	2242
2489.067149	3.668573	2243
2490.056358	3.749074	2244
2491.078888	3.645296	2245
2492.070430	3.674340	2246
2493.090891	3.494658	2247
2494.084242	3.883520	2248
2495.102882	3.593121	2249
2496.098030	3.789004	2250
2497.115641	3.585536	2251
2498.111491	3.901134	2252
2499.128543	3.692275	2253
2500.123948	3.792242	2254
2501.141783	3.603718	2255
2502.136476	3.747875	2256
2503.155083	3.541239	2257
2504.149135	3.822374	2258
2505.169709	3.600587	2259
2506.160436	3.976174	2260
2507.184395	3.649198	2261
2508.171722	3.805572	2262
2509.198613	3.651784	2263
2510.183472	3.836355	2264
2511.212687	3.607651	2265
